0 0 -0.018030358880714 0
3 0 -8.81071333377675e-11 -1.33623730653261e-08
5 0 -1.44182662976857e-09 2.24129488324851e-09
6 0 3.67473554298454e-10 -8.21898129117976e-11
9 0 -1.52310390791374e-07 3.41267115532372e-08
10 0 2.31738104088879e-08 2.24800007800569e-08
12 0 -2.01707870084062e-10 -4.22428763763159e-09
15 0 3.47603073348662e-09 9.69392290055427e-10
17 0 2.31738729591133e-08 2.24804885267386e-08
18 0 1.34458875975706e-10 -6.81330587181974e-09
20 0 -5.59706931423467e-10 6.90816802348978e-10
23 0 -3.89720625807432e-10 -5.85750068244408e-10
24 0 -8.78707707589526e-11 -1.33619064667374e-08
27 0 1.6579496494473e-08 -1.67578771162866e-09
29 0 -5.43026342032842e-09 -5.24639972483556e-10
30 0 6.01144135707767e-10 4.5873430521377e-10
33 0 -2.01623553924475e-10 -4.22297540298854e-09
34 0 -5.58791803220758e-10 6.90955309813482e-10
36 0 1.64847840998343e-10 -3.49134424547559e-11
39 0 2.56300722290513e-11 1.37189499150925e-10
40 0 -1.44212345503639e-09 2.24061270524736e-09
43 0 -5.43025912563844e-09 -5.24648351798809e-10
45 0 1.84850853536116e-09 1.69539869610772e-11
46 0 -2.27617769586324e-10 -1.80078934810506e-10
48 0 3.64956276896304e-10 -8.15198246363266e-11
51 0 6.01138340636991e-10 4.58741223413812e-10
53 0 -2.27617768088769e-10 -1.80069799474619e-10
54 0 1.32323144954281e-11 4.26965164680476e-11
57 0 3.47602387258942e-09 9.69392619350709e-10
58 0 -3.89725528557798e-10 -5.85756152190689e-10
60 0 2.56008116656238e-11 1.37184709254147e-10
63 0 -7.62929260506464e-11 5.11968174594284e-13
1 1 -0.013219479939578 0
2 1 1.96317065713849e-09 -2.51240621135154e-10
4 1 -7.41215418136412e-09 1.08763872187922e-08
7 1 -6.92185996985662e-09 -1.0594210242732e-08
8 1 5.72325774154154e-10 -2.32687716086775e-11
11 1 9.87543620365154e-07 -3.65855581185409e-07
13 1 -2.2163905708559e-07 6.15467477321427e-08
14 1 2.3670061179975e-08 1.67540773319011e-08
16 1 -1.40226537176251e-09 -2.68496285341859e-09
19 1 -1.97863655006982e-07 -1.07099756729703e-07
21 1 4.19523585677755e-08 3.13143284572651e-08
22 1 -2.45982163027237e-09 -5.81327414625177e-09
25 1 -2.08959967188501e-06 1.67233868350481e-07
26 1 3.2376987224625e-07 3.05428768212568e-07
28 1 -1.74834713381399e-08 -6.16138470858228e-08
31 1 2.42054382070497e-08 -4.8588736668351e-10
32 1 -1.08524137922831e-08 -2.19930984573632e-08
35 1 2.66223394945568e-08 4.11762634651089e-08
37 1 -3.34979953451882e-09 -8.72587737255282e-09
38 1 -1.07098291643953e-10 1.04544824134698e-09
41 1 5.01551436266726e-07 1.25737409139627e-08
42 1 -6.99440503290114e-08 -8.87956415098311e-08
44 1 2.0422647579121e-09 1.54382894164901e-08
47 1 -8.35285651827646e-09 7.8327207259956e-10
49 1 -5.93825446366545e-08 -3.77450388095498e-08
50 1 3.50975835701939e-09 1.42829556582599e-08
52 1 5.85746570452346e-10 -1.92250477287377e-09
55 1 1.21844381161191e-09 5.14621680291788e-10
56 1 8.33916144203776e-09 2.65552626420739e-08
59 1 -5.0520077892376e-09 1.05255707587767e-09
61 1 7.29368846377499e-09 -5.8620291296956e-10
62 1 -1.08412587137481e-09 -8.78550619983515e-10
1 2 1.96317065713849e-09 2.51240621135154e-10
2 2 -0.0132196159937696 0
4 2 -1.90012489270424e-08 -1.5881131903937e-08
7 2 1.60736747853831e-09 1.9950981398461e-08
8 2 -1.48605745016459e-09 2.38118633378298e-09
11 2 -2.05466225848302e-06 1.24434920371262e-07
13 2 4.36894230962963e-07 1.06421133830464e-07
14 2 -3.62246425446761e-08 -3.83216620874199e-08
16 2 1.59087947398262e-08 1.8183117319233e-09
19 2 3.12944197918118e-07 3.05539719455523e-07
21 2 -4.63447494137429e-08 -8.85595479497342e-08
22 2 8.78732845630047e-11 1.08190718651097e-08
25 2 9.83391306890343e-07 -3.2064887239184e-07
26 2 -1.91626027663179e-07 -1.11677578520824e-07
28 2 1.88992702550281e-08 3.49683065316797e-08
31 2 -5.07204839753162e-09 1.17415667180252e-09
32 2 -6.77669244952622e-08 -2.15140358602152e-08
35 2 -1.29858913109152e-08 -6.02460313106092e-08
37 2 -8.00105096322804e-10 1.34066996673565e-08
38 2 6.89875265068437e-10 -1.26042537143815e-09
41 2 -2.19702187985765e-07 1.4621429006956e-08
42 2 3.36205386114262e-08 3.65747066800431e-08
44 2 -1.73906376265518e-09 -7.62076607564585e-09
47 2 7.06458040646501e-09 -3.84869853319402e-10
49 2 1.63609046743314e-08 2.16202875582849e-08
50 2 -6.31426466126371e-10 -5.44661205221543e-09
52 2 -2.54281579408107e-10 7.75255971669376e-10
55 2 -1.01977940404524e-09 -8.77640097779426e-10
56 2 -2.87273612434761e-09 -1.00366749570758e-08
59 2 2.37471636334754e-08 -2.1998364699974e-10
61 2 -7.30249733913719e-09 -2.44403034617963e-10
62 2 9.12695574513075e-10 5.12350950382346e-10
0 3 -8.81071333377675e-11 1.33623730653261e-08
3 3 -0.01802691148603 0
5 3 -6.75052856195118e-07 -3.93264920095377e-07
6 3 2.98994647877492e-08 9.38409485608626e-08
9 3 -8.01717071688277e-06 -3.38190881972563e-05
10 3 -5.05984636730012e-06 5.20215967326545e-06
12 3 1.0035247356264e-06 -6.66299675391093e-08
15 3 -8.27118791579122e-07 -1.12741078438947e-06
17 3 -5.07831792772634e-06 5.21100855606543e-06
18 3 1.5934916077899e-06 2.65040826916027e-08
20 3 -1.67621436751927e-07 -1.59323638909039e-07
23 3 1.25120960178658e-08 1.86793641883753e-07
24 3 3.07130516672859e-06 -8.85800239175437e-13
27 3 -1.98646395526067e-05 3.51644059641703e-07
29 3 4.09199294153301e-06 1.53042255257639e-06
30 3 -2.83599011158009e-07 -3.12827155890706e-07
33 3 8.03345250398351e-07 -1.15096230297244e-07
34 3 -1.53083050829892e-07 -1.32812016424856e-07
36 3 1.52039360284232e-08 2.65050395945356e-08
39 3 -1.0711140100198e-08 -2.11749320837474e-08
40 3 -5.08028723452255e-07 -3.73052771376743e-07
43 3 4.88501700024014e-06 6.93826991972625e-07
45 3 -9.39788161681369e-07 -3.66567242748575e-07
46 3 7.77118084452176e-08 6.66555051305974e-08
48 3 1.06670913440901e-08 9.67174378532263e-08
51 3 -5.33178315957204e-07 -3.16387296406739e-07
53 3 1.04936805645655e-07 8.50011185178049e-08
54 3 -8.4815197683135e-09 -1.22208048286948e-08
57 3 -9.98266637078875e-07 -1.07248141482965e-06
58 3 4.59479171628517e-08 2.05178268968395e-07
60 3 -1.13532632916697e-08 -2.54262742615493e-08
63 3 6.33044105489896e-08 -1.02905819169015e-09
1 4 -7.41215418136412e-09 -1.08763872187922e-08
2 4 -1.90012489270424e-08 1.5881131903937e-08
4 4 -0.013219566841996 0
7 4 -1.90787445446315e-09 -4.53432916061646e-08
8 4 -1.10674645208688e-08 2.08890412230352e-08
11 4 4.2459420811266e-07 -1.85352097558078e-07
13 4 -5.69835691973236e-07 1.14754317763973e-07
14 4 8.19205651638305e-08 7.347272916782e-08
16 4 -6.46745460537571e-08 2.96698927264912e-08
19 4 -8.73783162378053e-08 -3.68390586227516e-08
21 4 8.79148926007639e-08 8.35010382712846e-08
22 4 -5.48141508504657e-10 -2.31476909681694e-08
25 4 -1.474908240941e-07 1.23925934249122e-07
26 4 3.28816434110504e-08 5.73883270066231e-09
28 4 -4.62613879957674e-09 -4.4404603412543e-08
31 4 4.86678324038592e-08 -2.5420671326604e-10
32 4 -1.19097735775287e-07 8.71497702254686e-10
35 4 7.17272798388845e-09 1.2852114861591e-08
37 4 -3.39051154090109e-09 -1.55653533952013e-08
38 4 -1.66222773075714e-09 2.55380274574528e-09
41 4 5.84435661608249e-08 -2.00961731910652e-08
42 4 -1.03758719738331e-08 -5.91225025548079e-09
44 4 -1.71461742182611e-09 5.67088274749201e-09
47 4 -1.28977348336422e-08 -1.50784119908998e-09
49 4 -7.43507388033298e-09 -6.81609772252496e-09
50 4 3.06144384474259e-10 1.75394222789223e-09
52 4 4.22012854566292e-10 -3.54251265528936e-10
55 4 1.41311996793117e-09 8.70276214719916e-10
56 4 1.2182435889169e-09 2.79224857216317e-09
59 4 -5.81383308099967e-09 1.15703987599332e-09
61 4 7.52368419965464e-09 -5.10195265252459e-10
62 4 -1.10216914465503e-09 -9.19836206436989e-10
0 5 -1.44182662976857e-09 -2.24129488324851e-09
3 5 -6.75052856195118e-07 3.93264920095377e-07
5 5 -0.0180299763228811 0
6 5 -5.26076243582914e-08 -4.96608378859988e-08
9 5 5.15205726646405e-06 4.72019650802557e-06
10 5 2.4461561566141e-07 -1.43313527983752e-06
12 5 -1.9425718644665e-07 1.11536916989272e-07
15 5 3.27934100047986e-06 -7.35588326609935e-07
17 5 6.89484964808606e-08 -1.40382439547699e-06
18 5 -2.5778659530304e-07 1.82649425840298e-07
20 5 3.78385038518325e-08 -1.55932959018104e-08
23 5 -5.88674347430068e-07 -3.89152672699819e-07
24 5 -5.0803169957358e-07 3.73049647114683e-07
27 5 3.93764560363679e-06 -1.99159829332687e-06
29 5 -7.18299379591718e-06 4.82158075041351e-07
30 5 1.03105731887816e-06 9.54363044775089e-07
33 5 -4.97826281662414e-07 1.1180873769191e-07
34 5 3.4563738630677e-08 1.39606430280612e-08
36 5 -1.27634651964037e-08 -8.00416858501648e-09
39 5 7.81157187694547e-08 1.1600521277857e-07
40 5 1.63706102514764e-07 1.44705990688962e-12
43 5 -1.42890545739764e-06 4.19680630825167e-07
45 5 1.51843709793045e-06 -3.27424720191307e-09
46 5 -2.07375114509968e-07 -2.39439032000052e-07
48 5 -1.41239041083854e-08 1.24545367945242e-08
51 5 1.94351170405924e-07 6.73901821207959e-08
53 5 -1.83190428714635e-07 -8.34793758696805e-08
54 5 1.38991616883039e-08 3.61623882169083e-08
57 5 1.16928546392174e-06 1.01843745997892e-07
58 5 -1.43369863419641e-07 -1.78550883047554e-07
60 5 4.47546764772276e-08 6.23017455816792e-08
63 5 3.8173900763605e-09 -9.72828358912188e-10
0 6 3.67473554298454e-10 8.21898129117976e-11
3 6 2.98994647877492e-08 -9.38409485608626e-08
5 6 -5.26076243582914e-08 4.96608378859988e-08
6 6 -0.018030345476383 0
9 6 -8.91222172703266e-07 2.35419147671239e-08
10 6 8.80867647224216e-08 1.56194146892827e-07
12 6 1.14926598941199e-08 -4.6253134260269e-08
15 6 -6.4267224232477e-06 3.5015591321148e-07
17 6 1.35684658439355e-07 1.4242120103002e-07
18 6 1.28179424265169e-08 -5.55049185274516e-08
20 6 -4.14322942617296e-08 -1.21853917346651e-08
23 6 9.69587717821275e-07 9.42661001889885e-07
24 6 1.06455904123991e-08 -9.67760875009046e-08
27 6 -8.97836217380046e-07 1.72733770799879e-06
29 6 3.24656533234091e-06 -1.20235129051988e-06
30 6 -6.04319890227815e-07 -3.21406235507201e-07
33 6 2.11588719214866e-08 -3.86433188052824e-08
34 6 8.60492120976662e-09 -3.09646456961207e-09
36 6 -7.17544489358941e-08 1.68340825457418e-08
39 6 -6.18767627158114e-08 -1.68834591229984e-07
40 6 -1.40822587137297e-08 -1.24487182182135e-08
43 6 1.1344466726e-06 -3.28138954548703e-07
45 6 -6.2689938909918e-07 4.47719718697346e-07
46 6 1.35146119934509e-07 4.35083844328444e-08
48 6 -2.40211385966224e-08 1.13837585394966e-11
51 6 -1.5285708968939e-07 -1.15998823113172e-07
53 6 1.0069364503759e-07 -1.00021295873779e-08
54 6 -1.60433790738056e-08 -9.92174712278072e-09
57 6 -6.53460585540515e-07 1.2803956326105e-07
58 6 1.0442557222539e-07 7.601907466017e-08
60 6 -3.16529978282353e-08 -1.3129947551212e-08
63 6 6.87068563147735e-08 7.68973116662542e-10
1 7 -6.92185996985662e-09 1.0594210242732e-08
2 7 1.60736747853831e-09 -1.9950981398461e-08
4 7 -1.90787445446315e-09 4.53432916061646e-08
7 7 -0.0132082735075051 0
8 7 8.33900222866439e-09 -2.65556295598331e-08
11 7 -9.61685427742766e-07 4.90225382341182e-05
13 7 -2.16758827105723e-05 -0.000114157291794694
14 7 -1.62422015763815e-05 1.68207328584103e-05
16 7 -2.87168268768232e-09 1.00388778308946e-08
19 7 7.20238656907335e-06 -6.51992950530082e-06
21 7 -1.77461333521434e-05 1.7022466863416e-05
22 7 5.06637367431713e-06 8.06578161581154e-08
25 7 -5.20946089435634e-06 -1.88942125644822e-05
26 7 -2.21683644843418e-06 1.55490897863602e-06
28 7 9.81588000779536e-06 2.96456220977681e-09
31 7 -6.2170502532304e-05 8.70103031670513e-07
32 7 1.21811869079514e-09 -2.7912161876141e-09
35 7 -1.6262804931733e-06 2.02885353478362e-07
37 7 3.04136823236532e-06 -5.79895840500369e-07
38 7 -5.25091251120448e-07 -3.74025928527961e-07
41 7 -5.45452387577613e-07 7.22501812994604e-06
42 7 9.87788482661553e-07 -5.914363088397e-07
44 7 -1.12747744470046e-06 -6.82917944490274e-07
47 7 1.58117150274493e-05 4.72424008729946e-07
49 7 1.10211200121706e-06 -6.22417874938552e-07
50 7 -2.07122243944872e-07 -5.43715859090489e-08
52 7 3.92979503931285e-08 1.3415890936016e-07
55 7 -1.91857214984189e-06 -8.39160436115222e-07
56 7 -2.74569782772318e-07 -9.45443319190872e-13
59 7 9.68452845027666e-07 1.84037140507755e-07
61 7 -2.22740398826009e-07 9.78338092949023e-07
62 7 1.75267336650212e-07 -1.56292703396905e-07
1 8 5.72325774154154e-10 2.32687716086775e-11
2 8 -1.48605745016459e-09 -2.38118633378298e-09
4 8 -1.10674645208688e-08 -2.08890412230352e-08
7 8 8.33900222866439e-09 2.65556295598331e-08
8 8 -0.0132194798539322 0
11 8 -2.08959781655765e-06 1.67234144088829e-07
13 8 5.01551111674058e-07 1.25742398027212e-08
14 8 -5.9381626959479e-08 -3.77445334185056e-08
16 8 1.91159255044399e-09 4.30380387767991e-11
19 8 3.23769892051221e-07 3.05428880198057e-07
21 8 -6.99441215155235e-08 -8.87956627489023e-08
22 8 3.50938283656319e-09 1.42827462029608e-08
25 8 9.87543696534544e-07 -3.65855566158032e-07
26 8 -1.97863755964311e-07 -1.07099597878249e-07
28 8 2.6622815011386e-08 4.11768610155875e-08
31 8 -5.05200095252467e-09 1.05255446494943e-09
32 8 -7.66180080896673e-09 1.17652948847455e-08
35 8 -1.74835475133523e-08 -6.16133975357775e-08
37 8 2.04226145053474e-09 1.54382262196246e-08
38 8 5.85666919705762e-10 -1.92299169669138e-09
41 8 -2.21639207163892e-07 6.15471632307685e-08
42 8 4.1951556745083e-08 3.13139228718827e-08
44 8 -3.34996283934041e-09 -8.72595497944617e-09
47 8 7.29369389929044e-09 -5.86220313689368e-10
49 8 2.36700196411392e-08 1.67540677151909e-08
50 8 -2.46032111750881e-09 -5.81346128182187e-09
52 8 -1.07322040235222e-10 1.04522290134343e-09
55 8 -1.08413162161766e-09 -8.79111060033562e-10
56 8 -6.92128695675698e-09 -1.05944046670833e-08
59 8 2.42054368008294e-08 -4.85893025806345e-10
61 8 -8.35285314139327e-09 7.83275786350295e-10
62 8 1.21846778039459e-09 5.14626894382666e-10
0 9 -1.52310390791374e-07 -3.41267115532372e-08
3 9 -8.01717071688277e-06 3.38190881972563e-05
5 9 5.15205726646405e-06 -4.72019650802557e-06
6 9 -8.91222172703266e-07 -2.35419147671239e-08
9 9 -0.0176249236257329 0
10 9 -4.56678773613001e-05 -7.01698159323831e-05
12 9 -1.81463672945608e-06 1.09571998957547e-05
15 9 -7.53467439387485e-06 -1.66059288936946e-06
17 9 -4.56679130746797e-05 -7.01698871171591e-05
18 9 -4.34269378137567e-06 1.71674157918854e-05
20 9 1.90062800956563e-06 -1.34995262018862e-06
23 9 8.59481721500898e-07 1.27549297203471e-06
24 9 -8.01705785744381e-06 3.38191674608346e-05
27 9 -2.15416107880594e-05 3.43457673100706e-06
29 9 8.61547231096101e-06 8.76456665504765e-07
30 9 -9.35233173324295e-07 -8.52014416511143e-07
33 9 -1.81485741167934e-06 1.09569405848451e-05
34 9 1.90063591741444e-06 -1.35000375639796e-06
36 9 -3.06054337974322e-07 5.80725036014046e-09
39 9 -1.70234920587723e-08 -3.16834130606603e-07
40 9 5.15242575109897e-06 -4.71989277641242e-06
43 9 8.61547257595479e-06 8.76456990948877e-07
45 9 -3.5291023100624e-06 -6.50733781547798e-08
46 9 4.0417563487626e-07 4.08569319501932e-07
48 9 -8.91176525007762e-07 -2.35477585338305e-08
51 9 -9.35233029011172e-07 -8.5201457918452e-07
53 9 4.04175720434963e-07 4.0856924070737e-07
54 9 -9.51207245255783e-09 -9.21565201106075e-08
57 9 -7.53467499381107e-06 -1.66059278354746e-06
58 9 8.59481803913511e-07 1.27549301188685e-06
60 9 -1.70237052054351e-08 -3.16834196391649e-07
63 9 1.28723416206234e-07 -3.52525182405661e-10
0 10 2.31738104088879e-08 -2.24800007800569e-08
3 10 -5.05984636730012e-06 -5.20215967326545e-06
5 10 2.4461561566141e-07 1.43313527983752e-06
6 10 8.80867647224216e-08 -1.56194146892827e-07
9 10 -4.56678773613001e-05 7.01698159323831e-05
10 10 -0.0180126873641434 0
12 10 -1.85727682559258e-06 -1.58250434388386e-06
15 10 1.25639836843003e-07 -7.80096959571532e-08
17 10 1.72898783325042e-05 4.1988931998244e-12
18 10 -2.52965353991846e-06 -2.74961994759398e-06
20 10 2.90389072958583e-08 4.99659653530022e-07
23 10 -2.54589021585661e-08 -9.42171997846343e-09
24 10 -5.07832419649027e-06 -5.21215140623184e-06
27 10 -9.77044188177075e-09 -2.61392282441927e-07
29 10 -2.39387667099005e-07 4.17081899096372e-07
30 10 8.59299166707086e-08 -2.45758650465781e-08
33 10 -1.6823990969905e-06 -1.54525230783889e-06
34 10 2.78889943598483e-08 4.88641011976903e-07
36 10 2.69031385787199e-08 -6.89201577069071e-08
39 10 2.13304073058064e-08 1.6030183607595e-08
40 10 6.84733927752972e-08 1.40104330012086e-06
43 10 -4.10506543761153e-07 4.72049208111119e-07
45 10 2.21046968376176e-07 -3.82262042339935e-07
46 10 -8.04834688239751e-08 1.3869044678489e-08
48 10 1.35525290889261e-07 -1.42404923141224e-07
51 10 1.19391820344056e-07 -6.22957799935962e-09
53 10 -8.11347096726657e-08 9.59709449053999e-09
54 10 1.245675394714e-08 8.40730513208666e-09
57 10 9.19030737515719e-07 -9.14982971402905e-07
58 10 -2.75115777798257e-07 -1.29952990295806e-08
60 10 4.85617850774387e-08 3.43992080541666e-08
63 10 3.81805739744357e-10 -6.53323545534991e-10
1 11 9.87543620365154e-07 3.65855581185409e-07
2 11 -2.05466225848302e-06 -1.24434920371262e-07
4 11 4.2459420811266e-07 1.85352097558078e-07
7 11 -9.61685427742766e-07 -4.90225382341182e-05
8 11 -2.08959781655765e-06 -1.67234144088829e-07
11 11 -0.00830106240937234 0
13 11 -0.00104934947482366 -0.000315463867787069
14 11 8.19426114698621e-05 9.38312837232136e-05
16 11 9.83391248866903e-07 3.20650333840516e-07
19 11 -0.000700569548005942 -0.000771609497743121
21 11 0.000100439528615356 0.000220369389570221
22 11 1.15449668225477e-06 -2.6159786570254e-05
25 11 -0.00177279801218681 9.35892406060535e-11
26 11 0.000250661920734898 0.000285527815706118
28 11 -2.01359809521717e-05 -7.13593494464457e-05
31 11 1.30189361162567e-05 -3.40732246045793e-06
32 11 -1.47492369901424e-07 -1.23922315839344e-07
35 11 1.32972159424215e-05 0.00014534304792729
37 11 4.88207154824407e-06 -3.19336426273568e-05
38 11 -1.94117099398785e-06 2.87133686760775e-06
41 11 0.000369803117537673 0.000133233396492294
42 11 -2.76469997470651e-05 -8.47788266068544e-05
44 11 -1.65807460896777e-06 1.44046901128828e-05
47 11 -1.73237761881884e-05 4.80841906095917e-07
49 11 -8.47108956242321e-06 -6.25289098132179e-05
50 11 -4.73671376171959e-06 1.00001460714835e-05
52 11 1.14170953120557e-06 -1.11677934942807e-06
55 11 2.41344235351713e-06 2.20889476859084e-06
56 11 -5.20943434346373e-06 1.88942199367472e-05
59 11 -5.87178611683914e-05 -2.75105214043851e-07
61 11 1.59407686315434e-05 3.06863324864938e-06
62 11 -1.58835979264753e-06 -1.29731119724453e-06
0 12 -2.01707870084062e-10 4.22428763763159e-09
3 12 1.0035247356264e-06 6.66299675391093e-08
5 12 -1.9425718644665e-07 -1.11536916989272e-07
6 12 1.14926598941199e-08 4.6253134260269e-08
9 12 -1.81463672945608e-06 -1.09571998957547e-05
10 12 -1.85727682559258e-06 1.58250434388386e-06
12 12 -0.0180298241536675 0
15 12 -6.44359289222789e-06 3.42148620676249e-07
17 12 -1.6823936384066e-06 1.54528800650455e-06
18 12 4.74138156907683e-07 6.27551074157767e-08
20 12 -8.79586164449054e-08 -6.32712149528154e-08
23 12 9.70464821147215e-07 9.47327748749288e-07
24 12 8.03765264556597e-07 1.12270030975148e-07
27 12 -8.87969143663835e-07 1.7342032058126e-06
29 12 3.27240940373208e-06 -1.21660499842539e-06
30 12 -6.08587196865352e-07 -3.24342347035409e-07
33 12 3.01726547916907e-07 -9.06901954038415e-13
34 12 -1.97389224517883e-08 -2.86773022253111e-08
36 12 -1.55200054178275e-08 1.2891444091307e-08
39 12 -6.67419176856004e-08 -1.6867396553831e-07
40 12 -4.97842888129321e-07 -1.12265271121494e-07
43 12 1.16271813215643e-06 -3.79565042834934e-07
45 12 -6.07506913154686e-07 5.0719567243863e-07
46 12 1.42256369632988e-07 3.36407351336559e-08
48 12 2.11348566072268e-08 3.8620026089497e-08
51 12 -1.63402853662178e-07 -1.13800887978341e-07
53 12 1.08955973511294e-07 -2.00180484486196e-08
54 12 -1.86884848549625e-08 -9.49518016470424e-09
57 12 -6.86354095609279e-07 2.7968888369315e-07
58 12 1.33472562754912e-07 5.99376970094028e-08
60 12 -4.26038318602833e-08 -1.27085149638473e-08
63 12 6.87799447721241e-08 9.58113114210178e-10
1 13 -2.2163905708559e-07 -6.15467477321427e-08
2 13 4.36894230962963e-07 -1.06421133830464e-07
4 13 -5.69835691973236e-07 -1.14754317763973e-07
7 13 -2.16758827105723e-05 0.000114157291794694
8 13 5.01551111674058e-07 -1.25742398027212e-08
11 13 -0.00104934947482366 0.000315463867787069
13 13 -0.0117344044322808 0
14 13 -0.000164180243576327 -0.000227022247751308
16 13 -2.19700704168361e-07 -1.46181773032992e-08
19 13 0.000194665697514727 0.000109970516780705
21 13 -0.000175950228717164 -0.000252813179747293
22 13 -1.14159843776348e-05 5.80036543606126e-05
25 13 0.000369802662123851 -0.000133233367440623
26 13 -5.36310083935148e-05 -3.515834325394e-05
28 13 -1.80280117609082e-05 0.000111918978974489
31 13 -6.00364593335057e-05 -3.53740270710829e-07
32 13 5.84436586798586e-08 2.00968448048517e-08
35 13 -1.21005006747794e-05 -3.30891656783538e-05
37 13 3.69775456696221e-07 4.05998442012286e-05
38 13 5.47464722235316e-06 -5.43733507049746e-06
41 13 -0.000140510151055521 2.5149116029061e-11
42 13 1.67065608958169e-05 2.01113822533076e-05
44 13 8.71892740289571e-06 -1.25348402371e-05
47 13 1.65744920126325e-05 3.32809869247122e-06
49 13 1.31195081851006e-05 2.22621422203181e-05
50 13 5.92991499777461e-07 -4.35618927624219e-06
52 13 -1.33949896062613e-06 5.78282411256555e-07
55 13 -1.64110120967446e-06 -1.3471700458026e-06
56 13 -5.45445852809061e-07 -7.22502667328898e-06
59 13 1.36569057347834e-05 -3.10763497408614e-06
61 13 -1.86713990921497e-05 3.78739938609125e-07
62 13 2.60939756778441e-06 2.45790402620277e-06
1 14 2.3670061179975e-08 -1.67540773319011e-08
2 14 -3.62246425446761e-08 3.83216620874199e-08
4 14 8.19205651638305e-08 -7.347272916782e-08
7 14 -1.62422015763815e-05 -1.68207328584103e-05
8 14 -5.9381626959479e-08 3.77445334185056e-08
11 14 8.19426114698621e-05 -9.38312837232136e-05
13 14 -0.000164180243576327 0.000227022247751308
14 14 -0.013162512647909 0
16 14 1.63609546900142e-08 -2.16205264052291e-08
19 14 -2.42922358691822e-05 9.34431556387644e-07
21 14 5.81777373673784e-05 1.7674510279477e-06
22 14 -8.22228639438625e-06 -8.76865341277508e-06
25 14 -8.47110396951693e-06 6.25288282296074e-05
26 14 7.95696073021228e-06 -4.74017920078316e-06
28 14 -1.68064705309336e-05 -1.60176289342698e-05
31 14 3.90022586200547e-09 2.64415252998157e-07
32 14 -7.43499877102808e-09 6.81583070511482e-09
35 14 3.57727016706477e-06 2.44318348084452e-06
37 14 -6.18622003727553e-06 -4.51222195377056e-06
38 14 2.32676804664837e-07 1.5501429474705e-06
41 14 1.31194520072668e-05 -2.22621663501917e-05
42 14 -4.57005576878972e-06 8.16116981079578e-07
44 14 9.25886413116744e-07 2.93985086006229e-06
47 14 -5.69003592808287e-07 5.71540172061806e-07
49 14 -4.13038069328478e-06 1.0647174679875e-11
50 14 5.96587725287087e-07 4.8156469382958e-07
52 14 6.53364854579807e-08 -2.81475334704756e-07
55 14 1.71040644679124e-07 -6.98095318452691e-09
56 14 1.10211356833611e-06 6.22513162555419e-07
59 14 -1.09031876603515e-06 7.96982437879584e-07
61 14 2.6231987799507e-06 -2.62358420390527e-06
62 14 -7.75138183892556e-07 5.79858393777184e-10
0 15 3.47603073348662e-09 -9.69392290055427e-10
3 15 -8.27118791579122e-07 1.12741078438947e-06
5 15 3.27934100047986e-06 7.35588326609935e-07
6 15 -6.4267224232477e-06 -3.5015591321148e-07
9 15 -7.53467439387485e-06 1.66059288936946e-06
10 15 1.25639836843003e-07 7.80096959571532e-08
12 15 -6.44359289222789e-06 -3.42148620676249e-07
15 15 -0.00272103644201226 0
17 15 9.19030901965796e-07 9.14983063527913e-07
18 15 -6.67489326394614e-07 1.39462098598809e-06
20 15 3.20669367965529e-06 7.40518768221051e-07
23 15 -0.00217704721679912 -0.00236415314048598
24 15 -9.98266483405813e-07 1.07248039222844e-06
27 15 0.00163776060349929 -0.00350966880774026
29 15 -0.00587707181092042 0.000524345923442464
30 15 0.000813411103216897 0.000819313525440528
33 15 -6.86353955658044e-07 -2.79688745659373e-07
34 15 1.09428350174792e-06 -1.340641500192e-07
36 15 -4.81726385054154e-07 8.39609563553915e-08
39 15 0.000103220457953186 0.00040861428782076
40 15 1.1692856009601e-06 -1.01843826273702e-07
43 15 -0.00258192837140422 0.000524347642443616
45 15 0.00103743355294449 -0.00066725996256752
46 15 -0.000183042875631618 -8.80706294894613e-05
48 15 -6.53460521559484e-07 -1.28039531421128e-07
51 15 0.000324124239140692 0.000301031504343281
53 15 -0.000167562804462458 2.6690118985605e-07
54 15 2.38904864853843e-05 1.6256113107137e-05
57 15 0.00129304488742802 -2.16993807430487e-11
58 15 -0.000164065153682154 -0.000181007958905693
60 15 4.46400086718767e-05 2.79741511264184e-05
63 15 -0.000173604783444156 -1.44730968819226e-06
1 16 -1.40226537176251e-09 2.68496285341859e-09
2 16 1.59087947398262e-08 -1.8183117319233e-09
4 16 -6.46745460537571e-08 -2.96698927264912e-08
7 16 -2.87168268768232e-09 -1.00388778308946e-08
8 16 1.91159255044399e-09 -4.30380387767991e-11
11 16 9.83391248866903e-07 -3.20650333840516e-07
13 16 -2.19700704168361e-07 1.46181773032992e-08
14 16 1.63609546900142e-08 2.16205264052291e-08
16 16 -0.0132196159900768 0
19 16 -1.91627023659271e-07 -1.11678264252312e-07
21 16 3.36201871465702e-08 3.65766900598799e-08
22 16 -6.31221758998386e-10 -5.45252127572471e-09
25 16 -2.05466560380458e-06 1.24434982220446e-07
26 16 3.12943931592135e-07 3.05538704811124e-07
28 16 -1.29843917218241e-08 -6.02498093028986e-08
31 16 2.37471644785731e-08 -2.19987340208021e-10
32 16 -1.58939357426148e-08 -2.05808282576858e-08
35 16 1.89009226866376e-08 3.4965775834295e-08
37 16 -1.73894508780984e-09 -7.6207587825846e-09
38 16 -2.54961464050615e-10 7.75939977316908e-10
41 16 4.36895604921092e-07 1.06419328033579e-07
42 16 -4.63446882524804e-08 -8.85597370767448e-08
44 16 -8.0017986760057e-10 1.34068365521227e-08
47 16 -7.30250236100413e-09 -2.44403002017571e-10
49 16 -3.62243376690322e-08 -3.83228205980716e-08
50 16 9.13195780387517e-11 1.08217773133476e-08
52 16 6.87940833951086e-10 -1.25967507770368e-09
55 16 9.12702604341048e-10 5.1235592887948e-10
56 16 1.60852102998159e-09 1.99494646966171e-08
59 16 -5.07204487028949e-09 1.17415912676711e-09
61 16 7.06457678243116e-09 -3.8487408476524e-10
62 16 -1.01977195421428e-09 -8.77639200763912e-10
0 17 2.31738729591133e-08 -2.24804885267386e-08
3 17 -5.07831792772634e-06 -5.21100855606543e-06
5 17 6.89484964808606e-08 1.40382439547699e-06
6 17 1.35684658439355e-07 -1.4242120103002e-07
9 17 -4.56679130746797e-05 7.01698871171591e-05
10 17 1.72898783325042e-05 -4.1988931998244e-12
12 17 -1.6823936384066e-06 -1.54528800650455e-06
15 17 9.19030901965796e-07 -9.14983063527913e-07
17 17 -0.0180126878434582 0
18 17 -2.52963513038843e-06 -2.7497824484838e-06
20 17 2.81739064422325e-08 4.88276599336052e-07
23 17 -2.7511587431014e-07 -1.29932393251364e-08
24 17 -5.05985447905014e-06 -5.20218099034044e-06
27 17 -9.77031950971468e-09 -2.61391869449653e-07
29 17 -4.10506362307734e-07 4.7205012256137e-07
30 17 1.19391893151362e-07 -6.22960033302525e-09
33 17 -1.85710489317755e-06 -1.58079404421267e-06
34 17 2.898882339901e-08 4.99920189930526e-07
36 17 2.6909858135065e-08 -6.88961761197874e-08
39 17 4.85618801103612e-08 3.43992562194754e-08
40 17 2.44582598078575e-07 1.43314278916495e-06
43 17 -2.39387817575461e-07 4.17082065280862e-07
45 17 2.21046960831952e-07 -3.8226204171471e-07
46 17 -8.11347259745934e-08 9.59678551142734e-09
48 17 8.77854042181235e-08 -1.5595327304818e-07
51 17 8.59292039326668e-08 -2.45760349649516e-08
53 17 -8.0483580273914e-08 1.38689071418056e-08
54 17 1.24564482725869e-08 8.40711870487158e-09
57 17 1.25639885799163e-07 -7.80087756425745e-08
58 17 -2.54589401260732e-08 -9.42163530293486e-09
60 17 2.13304200300167e-08 1.60301384021388e-08
63 17 3.81793783894635e-10 -6.53326277545741e-10
0 18 1.34458875975706e-10 6.81330587181974e-09
3 18 1.5934916077899e-06 -2.65040826916027e-08
5 18 -2.5778659530304e-07 -1.82649425840298e-07
6 18 1.28179424265169e-08 5.55049185274516e-08
9 18 -4.34269378137567e-06 -1.71674157918854e-05
10 18 -2.52965353991846e-06 2.74961994759398e-06
12 18 4.74138156907683e-07 -6.27551074157767e-08
15 18 -6.67489326394614e-07 -1.39462098598809e-06
17 18 -2.52963513038843e-06 2.7497824484838e-06
18 18 -0.0180295616684153 0
20 18 -7.48145718567706e-08 -7.3122720068832e-08
23 18 -5.23090905958157e-08 2.00189016934962e-07
24 18 1.59360907495841e-06 -2.67380370756628e-08
27 18 -1.9605620800542e-05 5.68595242753966e-08
29 18 3.95711926620573e-06 1.66527410914028e-06
30 18 -2.53323127471556e-07 -3.14640789241653e-07
33 18 4.74112350713513e-07 -6.28874669690098e-08
34 18 -6.8793957740251e-08 -7.86817815295155e-08
36 18 -3.60100803980211e-08 -1.24467882382144e-09
39 18 7.53972263023425e-09 -1.99672547608353e-08
40 18 -2.57690315535173e-07 -1.82625210101202e-07
43 18 3.95712180147127e-06 1.66527199656554e-06
45 18 -7.33376451157308e-07 -5.26955170576869e-07
46 18 4.70636872463519e-08 7.48460033526416e-08
48 18 1.71323096378789e-08 4.88027594171508e-08
51 18 -2.53321297242051e-07 -3.14643447802781e-07
53 18 4.70637351890402e-08 7.48459811837159e-08
54 18 -2.73746344682687e-09 -9.18740474339242e-09
57 18 -6.67487569550372e-07 -1.39462362322417e-06
58 18 -5.23065398010759e-08 2.00186410026715e-07
60 18 7.53963459967891e-09 -1.99672519195624e-08
63 18 6.36147611989742e-08 -1.55011171979959e-09
1 19 -1.97863655006982e-07 1.07099756729703e-07
2 19 3.12944197918118e-07 -3.05539719455523e-07
4 19 -8.73783162378053e-08 3.68390586227516e-08
7 19 7.20238656907335e-06 6.51992950530082e-06
8 19 3.23769892051221e-07 -3.05428880198057e-07
11 19 -0.000700569548005942 0.000771609497743121
13 19 0.000194665697514727 -0.000109970516780705
14 19 -2.42922358691822e-05 -9.34431556387644e-07
16 19 -1.91627023659271e-07 1.11678264252312e-07
19 19 -0.0129935547165744 0
21 19 -4.77170825634261e-05 -1.64554567685816e-05
22 19 3.61940072616776e-06 3.69606333075766e-06
25 19 0.000250661872821532 -0.000285527773723507
26 19 -8.23975502690235e-05 -1.0667147236899e-11
28 19 1.36993891647557e-05 6.38850703437386e-06
31 19 -9.42758798047328e-07 6.91574637023082e-07
32 19 3.28835616674028e-08 -5.74137628610058e-09
35 19 -2.56577781007456e-05 -1.71341170710587e-05
37 19 4.25105469527602e-06 5.13701027787951e-06
38 19 -1.70707294195868e-07 -6.6036898657964e-07
41 19 -5.36309866580303e-05 3.51583853945034e-05
42 19 1.447424934083e-05 4.62642542861214e-06
44 19 -1.94390239547625e-06 -1.62854158393857e-06
47 19 2.39504851783587e-06 -2.41939592447896e-06
49 19 7.95633735990359e-06 4.74245437027558e-06
50 19 -9.03033057139946e-07 -1.22983842400288e-06
52 19 7.89542767410507e-08 2.28118879938535e-07
55 19 -7.04816120131692e-07 7.15260497554364e-09
56 19 -2.2168439526418e-06 -1.55491971362475e-06
59 19 -2.70046129768634e-07 4.77453687687234e-07
61 19 -4.18230119902827e-07 4.63813089527717e-07
62 19 1.46308429607147e-07 -1.34987583183365e-09
0 20 -5.59706931423467e-10 -6.90816802348978e-10
3 20 -1.67621436751927e-07 1.59323638909039e-07
5 20 3.78385038518325e-08 1.55932959018104e-08
6 20 -4.14322942617296e-08 1.21853917346651e-08
9 20 1.90062800956563e-06 1.34995262018862e-06
10 20 2.90389072958583e-08 -4.99659653530022e-07
12 20 -8.79586164449054e-08 6.32712149528154e-08
15 20 3.20669367965529e-06 -7.40518768221051e-07
17 20 2.81739064422325e-08 -4.88276599336052e-07
18 20 -7.48145718567706e-08 7.3122720068832e-08
20 20 -0.0180304580244164 0
23 20 -5.83046003973151e-07 -3.74155523638246e-07
24 20 -1.52805291268168e-07 1.32128908154087e-07
27 20 3.89289731944365e-06 -1.91121832716793e-06
29 20 -7.07868010101092e-06 3.94782682198875e-07
30 20 1.00844853714284e-06 9.53250102089093e-07
33 20 -1.97148867059012e-08 2.86830113076107e-08
34 20 8.50850281330093e-08 6.54675862132859e-11
36 20 -7.0652916837801e-08 2.04308878327822e-10
39 20 5.95404680201042e-08 9.39559669615061e-08
40 20 3.45484293045707e-08 -1.3960496900275e-08
43 20 -1.30843744144782e-06 1.72637611254195e-07
45 20 1.27445416386478e-06 3.11410243777956e-07
46 20 -1.32160072911827e-07 -2.38829309933859e-07
48 20 1.11262613229407e-08 6.15699514698787e-09
51 20 1.43616230778375e-07 8.69824865951173e-08
53 20 -1.01879292861148e-07 -8.31035612149276e-08
54 20 2.94192390964238e-09 2.49537754404879e-08
57 20 1.09428446359361e-06 1.34065364641728e-07
58 20 -1.31378133475387e-07 -1.68744118791682e-07
60 20 2.50046124721073e-08 4.03677867656486e-08
63 20 3.65017741329878e-09 -8.21650784493679e-10
1 21 4.19523585677755e-08 -3.13143284572651e-08
2 21 -4.63447494137429e-08 8.85595479497342e-08
4 21 8.79148926007639e-08 -8.35010382712846e-08
7 21 -1.77461333521434e-05 -1.7022466863416e-05
8 21 -6.99441215155235e-08 8.87956627489023e-08
11 21 0.000100439528615356 -0.000220369389570221
13 21 -0.000175950228717164 0.000252813179747293
14 21 5.81777373673784e-05 -1.7674510279477e-06
16 21 3.36201871465702e-08 -3.65766900598799e-08
19 21 -4.77170825634261e-05 1.64554567685816e-05
21 21 -0.0131541931980286 0
22 21 -8.85153645758709e-06 -8.89629784625823e-06
25 21 -2.76473218760234e-05 8.47788486753571e-05
26 21 1.44742957650148e-05 -4.6264560334455e-06
28 21 -1.78614308523849e-05 -1.62215790214586e-05
31 21 -2.72954913482174e-09 1.1939125302476e-07
32 21 -1.03758402691188e-08 5.91198973790333e-09
35 21 7.4457798181479e-06 2.42707861090741e-06
37 21 -7.4732883663998e-06 -4.71142170397202e-06
38 21 3.51240819404075e-07 1.63617143391914e-06
41 21 1.6706524535848e-05 -2.01113540923185e-05
42 21 -4.84800665682645e-06 1.90156956510566e-11
44 21 1.1423085498378e-06 3.01912442984955e-06
47 21 1.9594781564009e-08 -9.54614010258356e-08
49 21 -4.57087929478812e-06 -8.17196257491885e-07
50 21 5.35070032304233e-07 5.39046067705585e-07
52 21 3.70552709440125e-08 -2.79325324751576e-07
55 21 -2.75322467097776e-08 -6.6823578910428e-10
56 21 9.87790731814606e-07 5.91436547424973e-07
59 21 3.87907944293176e-08 -9.26865626289424e-08
61 21 -6.82649129634191e-08 1.31390830247861e-07
62 21 2.75976363839813e-08 -2.38624036013303e-09
1 22 -2.45982163027237e-09 5.81327414625177e-09
2 22 8.78732845630047e-11 -1.08190718651097e-08
4 22 -5.48141508504657e-10 2.31476909681694e-08
7 22 5.06637367431713e-06 -8.06578161581154e-08
8 22 3.50938283656319e-09 -1.42827462029608e-08
11 22 1.15449668225477e-06 2.6159786570254e-05
13 22 -1.14159843776348e-05 -5.80036543606126e-05
14 22 -8.22228639438625e-06 8.76865341277508e-06
16 22 -6.31221758998386e-10 5.45252127572471e-09
19 22 3.61940072616776e-06 -3.69606333075766e-06
21 22 -8.85153645758709e-06 8.89629784625823e-06
22 22 -0.013217002412238 0
25 22 -4.73678186225582e-06 -1.000008642844e-05
26 22 -9.02585779674533e-07 1.22871683027923e-06
28 22 4.99034552135268e-06 -1.4541395961954e-07
31 22 -6.09774382255459e-05 1.40997299553089e-07
32 22 3.05396830816828e-10 -1.74959139602975e-09
35 22 -8.8172832811319e-07 1.61491857373323e-07
37 22 1.6188739993572e-06 -3.43325383095871e-07
38 22 -3.02574764283678e-07 -1.90559778558884e-07
41 22 5.92997960692328e-07 4.35615466253345e-06
42 22 5.35050048475107e-07 -5.38835495232519e-07
44 22 -5.80503232381469e-07 -3.25137518578452e-07
47 22 1.31224526859429e-05 3.17657717655917e-06
49 22 5.96575667992932e-07 -4.81473301837251e-07
50 22 -9.8123511664246e-08 -4.21860221516494e-09
52 22 7.51950640206426e-09 3.09880798814621e-08
55 22 -1.12327638266753e-06 -8.37708965310804e-07
56 22 -2.07092014836461e-07 5.42970408645774e-08
59 22 9.75242928848377e-07 8.73719935478649e-09
61 22 3.62739918966457e-07 3.84209137612887e-07
62 22 -9.35268090077946e-09 -1.58638107889886e-07
0 23 -3.89720625807432e-10 5.85750068244408e-10
3 23 1.25120960178658e-08 -1.86793641883753e-07
5 23 -5.88674347430068e-07 3.89152672699819e-07
6 23 9.69587717821275e-07 -9.42661001889885e-07
9 23 8.59481721500898e-07 -1.27549297203471e-06
10 23 -2.54589021585661e-08 9.42171997846343e-09
12 23 9.70464821147215e-07 -9.47327748749288e-07
15 23 -0.00217704721679912 0.00236415314048598
17 23 -2.7511587431014e-07 1.29932393251364e-08
18 23 -5.23090905958157e-08 -2.00189016934962e-07
20 23 -5.83046003973151e-07 3.74155523638246e-07
23 23 -0.0173380695251653 0
24 23 4.59481221833734e-08 -2.05178588974872e-07
27 23 0.000136279219785265 0.000496096761126933
29 23 0.000769122098465945 -0.000942658598471295
30 23 -0.000246469477886813 6.44388360071514e-06
33 23 1.33472659446447e-07 -5.9938626713667e-08
34 23 -1.31378228755447e-07 1.68744305690272e-07
36 23 3.31893686457554e-08 -8.14691380019224e-08
39 23 -8.08517631030693e-05 -3.81568880739756e-05
40 23 -1.43369938897457e-07 1.78550897064083e-07
43 23 0.000279752777424942 -0.000424316113197496
45 23 1.3908988975394e-05 0.000230785805116922
46 23 3.05397043931594e-05 -2.28363151968548e-05
48 23 1.04426153854319e-07 -7.60188478467798e-08
51 23 -9.18542736772318e-05 6.44501153400774e-06
53 23 1.42290779729244e-05 -3.36226809194443e-05
54 23 -5.73752552969739e-06 3.98825932745134e-06
57 23 -0.000164065168468075 0.000181007956551987
58 23 4.91872272763854e-05 1.08566301929293e-12
60 23 -1.01171653140971e-05 8.2040890812566e-06
63 23 -7.69533841433873e-07 1.2977412649214e-06
0 24 -8.78707707589526e-11 1.33619064667374e-08
3 24 3.07130516672859e-06 8.85800239175437e-13
5 24 -5.0803169957358e-07 -3.73049647114683e-07
6 24 1.06455904123991e-08 9.67760875009046e-08
9 24 -8.01705785744381e-06 -3.38191674608346e-05
10 24 -5.07832419649027e-06 5.21215140623184e-06
12 24 8.03765264556597e-07 -1.12270030975148e-07
15 24 -9.98266483405813e-07 -1.07248039222844e-06
17 24 -5.05985447905014e-06 5.20218099034044e-06
18 24 1.59360907495841e-06 2.67380370756628e-08
20 24 -1.52805291268168e-07 -1.32128908154087e-07
23 24 4.59481221833734e-08 2.05178588974872e-07
24 24 -0.0180269118928276 0
27 24 -1.98646401964884e-05 3.51644183361029e-07
29 24 4.88501720752939e-06 6.93826981039124e-07
30 24 -5.33179082742928e-07 -3.16385127992921e-07
33 24 1.0035266029563e-06 -6.66268443132572e-08
34 24 -1.67604984237346e-07 -1.59281464591468e-07
36 24 1.5221495047898e-08 2.65339174968939e-08
39 24 -1.1353196348464e-08 -2.54262529058383e-08
40 24 -6.74843148055267e-07 -3.9158413373287e-07
43 24 4.09199316950301e-06 1.53042332651691e-06
45 24 -9.3978823231487e-07 -3.66567255256635e-07
46 24 1.04936892124765e-07 8.50011521098644e-08
48 24 3.01741423101756e-08 9.46749403618561e-08
51 24 -2.83598691462002e-07 -3.12826742499944e-07
53 24 7.77118546839653e-08 6.66555575587264e-08
54 24 -8.48139381751274e-09 -1.22204459890592e-08
57 24 -8.27118822500206e-07 -1.12741023563337e-06
58 24 1.25114396319094e-08 1.86793346714469e-07
60 24 -1.071117381978e-08 -2.11750337694971e-08
63 24 6.33043990330075e-08 -1.02906888464085e-09
1 25 -2.08959967188501e-06 -1.67233868350481e-07
2 25 9.83391306890343e-07 3.2064887239184e-07
4 25 -1.474908240941e-07 -1.23925934249122e-07
7 25 -5.20946089435634e-06 1.88942125644822e-05
8 25 9.87543696534544e-07 3.65855566158032e-07
11 25 -0.00177279801218681 -9.35892406060535e-11
13 25 0.000369802662123851 0.000133233367440623
14 25 -8.47110396951693e-06 -6.25288282296074e-05
16 25 -2.05466560380458e-06 -1.24434982220446e-07
19 25 0.000250661872821532 0.000285527773723507
21 25 -2.76473218760234e-05 -8.47788486753571e-05
22 25 -4.73678186225582e-06 1.000008642844e-05
25 25 -0.00830105670418539 0
26 25 -0.000700569507460656 -0.000771609455989838
28 25 1.32973097316124e-05 0.000145343275689915
31 25 -5.87178636533458e-05 -2.751056215744e-07
32 25 4.24595724825356e-07 1.85349990351847e-07
35 25 -2.01360162825164e-05 -7.13593618338892e-05
37 25 -1.65809832052818e-06 1.44046899045712e-05
38 25 1.14169794180156e-06 -1.11680816900124e-06
41 25 -0.00104934986456569 -0.000315463932427487
42 25 0.000100439412459368 0.000220369267073822
44 25 4.88205377072368e-06 -3.19336481643288e-05
47 25 1.59407686134614e-05 3.06863315267207e-06
49 25 8.19423005316724e-05 9.3831140090104e-05
50 25 1.15441134097165e-06 -2.61598837333437e-05
52 25 -1.9411934505466e-06 2.87128577413385e-06
55 25 -1.58835991419325e-06 -1.29731128128717e-06
56 25 -9.61883534249008e-07 -4.90227217930374e-05
59 25 1.3018935772933e-05 -3.4073227759788e-06
61 25 -1.73237764211738e-05 4.80841827057118e-07
62 25 2.41344241553787e-06 2.20889470239953e-06
1 26 3.2376987224625e-07 -3.05428768212568e-07
2 26 -1.91626027663179e-07 1.11677578520824e-07
4 26 3.28816434110504e-08 -5.73883270066231e-09
7 26 -2.21683644843418e-06 -1.55490897863602e-06
8 26 -1.97863755964311e-07 1.07099597878249e-07
11 26 0.000250661920734898 -0.000285527815706118
13 26 -5.36310083935148e-05 3.515834325394e-05
14 26 7.95696073021228e-06 4.74017920078316e-06
16 26 3.12943931592135e-07 -3.05538704811124e-07
19 26 -8.23975502690235e-05 1.0667147236899e-11
21 26 1.44742957650148e-05 4.6264560334455e-06
22 26 -9.02585779674533e-07 -1.22871683027923e-06
25 26 -0.000700569507460656 0.000771609455989838
26 26 -0.0129935545890835 0
28 26 -2.56567315939411e-05 -1.71361860174942e-05
31 26 -2.70045442448384e-07 4.77453352780991e-07
32 26 -8.73798654857399e-08 3.6840877941097e-08
35 26 1.3699400876768e-05 6.38852064547068e-06
37 26 -1.94389519649193e-06 -1.62852229603882e-06
38 26 7.90076055605977e-08 2.28397495905811e-07
41 26 0.000194665779099954 -0.000109970442402866
42 26 -4.77180200858076e-05 -1.64532298269921e-05
44 26 4.25106832318699e-06 5.13704237757254e-06
47 26 -4.18230053680395e-07 4.63813218534493e-07
49 26 -2.42921846487756e-05 -9.34378152520118e-07
50 26 3.62026386236023e-06 3.69778924983459e-06
52 26 -1.70644674111295e-07 -6.60093032921789e-07
55 26 1.46308463916102e-07 -1.34972447233442e-09
56 26 7.20187086543267e-06 6.52231550439043e-06
59 26 -9.42758626329416e-07 6.91576463910746e-07
61 26 2.39504853198051e-06 -2.4193958264152e-06
62 26 -7.04816072801917e-07 7.15277345774232e-09
0 27 1.6579496494473e-08 1.67578771162866e-09
3 27 -1.98646395526067e-05 -3.51644059641703e-07
5 27 3.93764560363679e-06 1.99159829332687e-06
6 27 -8.97836217380046e-07 -1.72733770799879e-06
9 27 -2.15416107880594e-05 -3.43457673100706e-06
10 27 -9.77044188177075e-09 2.61392282441927e-07
12 27 -8.87969143663835e-07 -1.7342032058126e-06
15 27 0.00163776060349929 0.00350966880774026
17 27 -9.77031950971468e-09 2.61391869449653e-07
18 27 -1.9605620800542e-05 -5.68595242753966e-08
20 27 3.89289731944365e-06 1.91121832716793e-06
23 27 0.000136279219785265 -0.000496096761126933
24 27 -1.98646401964884e-05 -3.51644183361029e-07
27 27 0.0312296071732657 0
29 27 -0.0099284295683449 -0.00427971578186926
30 27 0.000627932821547452 0.000801015715440538
33 27 -8.87969101376659e-07 -1.73420440489372e-06
34 27 3.89289965170448e-06 1.91121593727709e-06
36 27 -7.14039374561559e-07 -6.49128268059679e-07
39 27 -3.25042812471085e-05 4.9000389447546e-05
40 27 3.93764575874013e-06 1.99159911569153e-06
43 27 -0.00992842979700607 -0.00427971598410401
45 27 0.00186412163415476 0.00150527316774845
46 27 -9.26388467049715e-05 -0.000214005670061678
48 27 -8.97834086418603e-07 -1.72733993977316e-06
51 27 0.000627932264463337 0.000801015584376352
53 27 -9.26389565123093e-05 -0.000214005676974606
54 27 -6.05712619198635e-07 2.3193558351443e-05
57 27 0.00163776045682389 0.00350966866741942
58 27 0.000136279470618229 -0.00049609668972671
60 27 -3.25041658238327e-05 4.90004098868071e-05
63 27 -0.000159868180990503 3.54037863427427e-06
1 28 -1.74834713381399e-08 6.16138470858228e-08
2 28 1.88992702550281e-08 -3.49683065316797e-08
4 28 -4.62613879957674e-09 4.4404603412543e-08
7 28 9.81588000779536e-06 -2.96456220977681e-09
8 28 2.6622815011386e-08 -4.11768610155875e-08
11 28 -2.01359809521717e-05 7.13593494464457e-05
13 28 -1.80280117609082e-05 -0.000111918978974489
14 28 -1.68064705309336e-05 1.60176289342698e-05
16 28 -1.29843917218241e-08 6.02498093028986e-08
19 28 1.36993891647557e-05 -6.38850703437386e-06
21 28 -1.78614308523849e-05 1.62215790214586e-05
22 28 4.99034552135268e-06 1.4541395961954e-07
25 28 1.32973097316124e-05 -0.000145343275689915
26 28 -2.56567315939411e-05 1.71361860174942e-05
28 28 -0.0132051299805597 0
31 28 -6.10416141227592e-05 -1.94772545812876e-08
32 28 7.17308307537364e-09 -1.28507497451699e-08
35 28 -2.88264651757993e-06 -2.92091786539362e-12
37 28 3.27960398635638e-06 -5.03951921355309e-07
38 28 -5.75587909503945e-07 -3.86310478723219e-07
41 28 -1.21005086464408e-05 3.30891615970116e-05
42 28 7.44577180154338e-06 -2.42707298900703e-06
44 28 -2.43292515692385e-06 -8.87195058082703e-07
47 28 1.31203224751134e-05 3.22745537107152e-06
49 28 3.57726317021068e-06 -2.44318973268372e-06
50 28 -8.81798809555948e-07 -1.61660983732464e-07
52 28 1.64456373840852e-07 1.73936576856658e-07
55 28 -1.11583842229422e-06 -8.42148514867829e-07
56 28 -1.62710231943898e-06 -2.04082634829497e-07
59 28 9.61870356711723e-07 3.90851195356612e-08
61 28 3.65896890742589e-07 3.11387530766447e-07
62 28 -2.33165517813793e-08 -1.49959171749284e-07
0 29 -5.43026342032842e-09 5.24639972483556e-10
3 29 4.09199294153301e-06 -1.53042255257639e-06
5 29 -7.18299379591718e-06 -4.82158075041351e-07
6 29 3.24656533234091e-06 1.20235129051988e-06
9 29 8.61547231096101e-06 -8.76456665504765e-07
10 29 -2.39387667099005e-07 -4.17081899096372e-07
12 29 3.27240940373208e-06 1.21660499842539e-06
15 29 -0.00587707181092042 -0.000524345923442464
17 29 -4.10506362307734e-07 -4.7205012256137e-07
18 29 3.95711926620573e-06 -1.66527410914028e-06
20 29 -7.07868010101092e-06 -3.94782682198875e-07
23 29 0.000769122098465945 0.000942658598471295
24 29 4.88501720752939e-06 -6.93826981039124e-07
27 29 -0.0099284295683449 0.00427971578186926
29 29 -0.00101393626233378 0
30 29 -0.00228061298979879 -0.00240792182242855
33 29 1.16271802375719e-06 3.79564832524981e-07
34 29 -1.3084375385279e-06 -1.72637641799544e-07
36 29 1.32548673842033e-06 5.58743896756303e-07
39 29 -6.8256450359314e-05 -0.000197971091659342
40 29 -1.42890533866603e-06 -4.19680517705288e-07
43 29 0.00300802235354025 -2.3715487039444e-11
45 29 -0.00321179222132223 -0.00102153001124933
46 29 0.000299778499534989 0.000623363272849571
48 29 1.13444762268186e-06 3.28140181454392e-07
51 29 -0.000268393429802028 -0.000225692809793299
53 29 0.000241086212925279 0.000242756837602367
54 29 -1.61720126986183e-06 -6.66098428708003e-05
57 29 -0.00258192829357733 -0.000524347576330429
58 29 0.000279752638783476 0.000424316080006573
60 29 -5.26545252732302e-05 -0.00010959918814188
63 29 -8.40266818778146e-06 7.41678396338114e-07
0 30 6.01144135707767e-10 -4.5873430521377e-10
3 30 -2.83599011158009e-07 3.12827155890706e-07
5 30 1.03105731887816e-06 -9.54363044775089e-07
6 30 -6.04319890227815e-07 3.21406235507201e-07
9 30 -9.35233173324295e-07 8.52014416511143e-07
10 30 8.59299166707086e-08 2.45758650465781e-08
12 30 -6.08587196865352e-07 3.24342347035409e-07
15 30 0.000813411103216897 -0.000819313525440528
17 30 1.19391893151362e-07 6.22960033302525e-09
18 30 -2.53323127471556e-07 3.14640789241653e-07
20 30 1.00844853714284e-06 -9.53250102089093e-07
23 30 -0.000246469477886813 -6.44388360071514e-06
24 30 -5.33179082742928e-07 3.16385127992921e-07
27 30 0.000627932821547452 -0.000801015715440538
29 30 -0.00228061298979879 0.00240792182242855
30 30 -0.0173365258386553 0
33 30 -1.63402887100817e-07 1.13800873732674e-07
34 30 1.43615217483696e-07 -8.69820352299656e-08
36 30 -2.51695698289815e-07 9.24241523284723e-08
39 30 3.57103688238549e-05 1.48617950075389e-05
40 30 1.94351317536821e-07 -6.73911194155866e-08
43 30 -0.000268393488623236 0.000225692802501432
45 30 0.000568606769177616 -0.000261453166620027
46 30 -0.000128374997308686 -4.99118335484706e-05
48 30 -1.52856970231155e-07 1.15999066562294e-07
51 30 5.0971175056785e-05 1.25088215779696e-12
53 30 -5.76640662494343e-05 -3.67127155160379e-06
54 30 8.11588056273712e-06 8.724758326355e-06
57 30 0.000324124331656394 -0.00030103150802103
58 30 -9.18542703056249e-05 -6.44306363663247e-06
60 30 1.93996851657735e-05 4.1117046382167e-06
63 30 9.60968170143014e-07 -8.66554735405836e-07
1 31 2.42054382070497e-08 4.8588736668351e-10
2 31 -5.07204839753162e-09 -1.17415667180252e-09
4 31 4.86678324038592e-08 2.5420671326604e-10
7 31 -6.2170502532304e-05 -8.70103031670513e-07
8 31 -5.05200095252467e-09 -1.05255446494943e-09
11 31 1.30189361162567e-05 3.40732246045793e-06
13 31 -6.00364593335057e-05 3.53740270710829e-07
14 31 3.90022586200547e-09 -2.64415252998157e-07
16 31 2.37471644785731e-08 2.19987340208021e-10
19 31 -9.42758798047328e-07 -6.91574637023082e-07
21 31 -2.72954913482174e-09 -1.1939125302476e-07
22 31 -6.09774382255459e-05 -1.40997299553089e-07
25 31 -5.87178636533458e-05 2.751056215744e-07
26 31 -2.70045442448384e-07 -4.77453352780991e-07
28 31 -6.10416141227592e-05 1.94772545812876e-08
31 31 0.139983620855082 0
32 31 -5.81383330196913e-09 -1.15703741423584e-09
35 31 9.6187070861459e-07 -3.90856746625488e-08
37 31 -7.55654576820259e-07 -4.07724554983517e-07
38 31 1.3100736573504e-05 3.0716293388487e-06
41 31 1.36569056953464e-05 3.10763496757485e-06
42 31 3.87907309173642e-08 9.26866022313877e-08
44 31 1.31227846925726e-05 3.041916705555e-06
47 31 -0.0329460279707203 -0.00804302640566359
49 31 -1.09031883386858e-06 -7.96982406354438e-07
50 31 9.75242851385486e-07 -8.74059228667035e-09
52 31 -7.58246419956869e-07 -4.28773949229746e-07
55 31 0.00282701520902642 0.00210790396503201
56 31 9.68452631757997e-07 -1.84037712019258e-07
59 31 -0.00244748197131703 -2.77429104636009e-11
61 31 -0.000928532763405619 -0.00103088757073044
62 31 1.37250311182684e-05 0.000408182141305299
1 32 -1.08524137922831e-08 2.19930984573632e-08
2 32 -6.77669244952622e-08 2.15140358602152e-08
4 32 -1.19097735775287e-07 -8.71497702254686e-10
7 32 1.21811869079514e-09 2.7912161876141e-09
8 32 -7.66180080896673e-09 -1.17652948847455e-08
11 32 -1.47492369901424e-07 1.23922315839344e-07
13 32 5.84436586798586e-08 -2.00968448048517e-08
14 32 -7.43499877102808e-09 -6.81583070511482e-09
16 32 -1.58939357426148e-08 2.05808282576858e-08
19 32 3.28835616674028e-08 5.74137628610058e-09
21 32 -1.03758402691188e-08 -5.91198973790333e-09
22 32 3.05396830816828e-10 1.74959139602975e-09
25 32 4.24595724825356e-07 -1.85349990351847e-07
26 32 -8.73798654857399e-08 -3.6840877941097e-08
28 32 7.17308307537364e-09 1.28507497451699e-08
31 32 -5.81383330196913e-09 1.15703741423584e-09
32 32 -0.0132195662206126 0
35 32 -4.62549303352976e-09 -4.44041791822171e-08
37 32 -1.71420575786419e-09 5.67110433328968e-09
38 32 4.23236112714713e-10 -3.62084085791018e-10
41 32 -5.69833461632485e-07 1.14754550553319e-07
42 32 8.79142274529429e-08 8.3500499789175e-08
44 32 -3.39068587712785e-09 -1.55661888541549e-08
47 32 7.52368701801468e-09 -5.10204084098508e-10
49 32 8.19198517804444e-08 7.34721683886632e-08
50 32 -5.49268641342676e-10 -2.31470413685462e-08
52 32 -1.65916104974699e-09 2.54971805115371e-09
55 32 -1.10217899068967e-09 -9.19824810967324e-10
56 32 -1.90674383380096e-09 -4.53436138999919e-08
59 32 4.86678281232291e-08 -2.54206422445748e-10
61 32 -1.28977287042856e-08 -1.50783870631299e-09
62 32 1.41311738917325e-09 8.7027370133684e-10
0 33 -2.01623553924475e-10 4.22297540298854e-09
3 33 8.03345250398351e-07 1.15096230297244e-07
5 33 -4.97826281662414e-07 -1.1180873769191e-07
6 33 2.11588719214866e-08 3.86433188052824e-08
9 33 -1.81485741167934e-06 -1.09569405848451e-05
10 33 -1.6823990969905e-06 1.54525230783889e-06
12 33 3.01726547916907e-07 9.06901954038415e-13
15 33 -6.86353955658044e-07 2.79688745659373e-07
17 33 -1.85710489317755e-06 1.58079404421267e-06
18 33 4.74112350713513e-07 6.28874669690098e-08
20 33 -1.97148867059012e-08 -2.86830113076107e-08
23 33 1.33472659446447e-07 5.9938626713667e-08
24 33 1.0035266029563e-06 6.66268443132572e-08
27 33 -8.87969101376659e-07 1.73420440489372e-06
29 33 1.16271802375719e-06 -3.79564832524981e-07
30 33 -1.63402887100817e-07 -1.13800873732674e-07
33 33 -0.0180298241944752 0
34 33 -8.79132843701686e-08 -6.31270811141213e-08
36 33 -1.55623830942688e-08 1.27434344267239e-08
39 33 -4.26033158385962e-08 -1.27061286913662e-08
40 33 -1.94207785078583e-07 -1.11494257549679e-07
43 33 3.27240908465634e-06 -1.21660481062629e-06
45 33 -6.07506626428637e-07 5.07195690751835e-07
46 33 1.0895590956694e-07 -2.00180821720434e-08
48 33 1.18009260433569e-08 4.63168146632781e-08
51 33 -6.08586792258177e-07 -3.2434270474159e-07
53 33 1.42256718273267e-07 3.3641322292897e-08
54 33 -1.86883436105753e-08 -9.49505568294491e-09
57 33 -6.44359350080108e-06 3.42148839842718e-07
58 33 9.7046480477359e-07 9.47327774327113e-07
60 33 -6.67421062115048e-08 -1.68674178652681e-07
63 33 6.87799344302889e-08 9.58126261183888e-10
0 34 -5.58791803220758e-10 -6.90955309813482e-10
3 34 -1.53083050829892e-07 1.32812016424856e-07
5 34 3.4563738630677e-08 -1.39606430280612e-08
6 34 8.60492120976662e-09 3.09646456961207e-09
9 34 1.90063591741444e-06 1.35000375639796e-06
10 34 2.78889943598483e-08 -4.88641011976903e-07
12 34 -1.97389224517883e-08 2.86773022253111e-08
15 34 1.09428350174792e-06 1.340641500192e-07
17 34 2.898882339901e-08 -4.99920189930526e-07
18 34 -6.8793957740251e-08 7.86817815295155e-08
20 34 8.50850281330093e-08 -6.54675862132859e-11
23 34 -1.31378228755447e-07 -1.68744305690272e-07
24 34 -1.67604984237346e-07 1.59281464591468e-07
27 34 3.89289965170448e-06 -1.91121593727709e-06
29 34 -1.3084375385279e-06 1.72637641799544e-07
30 34 1.43615217483696e-07 8.69820352299656e-08
33 34 -8.79132843701686e-08 6.31270811141213e-08
34 34 -0.0180304576403477 0
36 34 -6.97991225292191e-08 2.76468783553163e-09
39 34 2.50045242658232e-08 4.03688110307804e-08
40 34 3.78566514998185e-08 1.59208807464949e-08
43 34 -7.07867850399202e-06 3.94782856612009e-07
45 34 1.27445451286529e-06 3.11411312149507e-07
46 34 -1.01878663597049e-07 -8.3102346829246e-08
48 34 -4.77672777109524e-08 7.31662074817553e-09
51 34 1.00844590395156e-06 9.53248366862145e-07
53 34 -1.32160144119818e-07 -2.38829449179708e-07
54 34 2.94160040251147e-09 2.49541297350032e-08
57 34 3.20669117058622e-06 -7.40520682158658e-07
58 34 -5.8304659558872e-07 -3.74155601270008e-07
60 34 5.95408075933698e-08 9.39576371836611e-08
63 34 3.65018012399268e-09 -8.21650610132265e-10
1 35 2.66223394945568e-08 -4.11762634651089e-08
2 35 -1.29858913109152e-08 6.02460313106092e-08
4 35 7.17272798388845e-09 -1.2852114861591e-08
7 35 -1.6262804931733e-06 -2.02885353478362e-07
8 35 -1.74835475133523e-08 6.16133975357775e-08
11 35 1.32972159424215e-05 -0.00014534304792729
13 35 -1.21005006747794e-05 3.30891656783538e-05
14 35 3.57727016706477e-06 -2.44318348084452e-06
16 35 1.89009226866376e-08 -3.4965775834295e-08
19 35 -2.56577781007456e-05 1.71341170710587e-05
21 35 7.4457798181479e-06 -2.42707861090741e-06
22 35 -8.8172832811319e-07 -1.61491857373323e-07
25 35 -2.01360162825164e-05 7.13593618338892e-05
26 35 1.3699400876768e-05 -6.38852064547068e-06
28 35 -2.88264651757993e-06 2.92091786539362e-12
31 35 9.6187070861459e-07 3.90856746625488e-08
32 35 -4.62549303352976e-09 4.44041791822171e-08
35 35 -0.0132051296498064 0
37 35 -2.43340024570283e-06 -8.87650034526931e-07
38 35 1.64535805867909e-07 1.74969708413701e-07
41 35 -1.80278932121587e-05 -0.000111919212041064
42 35 -1.78614089552148e-05 1.62216447739201e-05
44 35 3.27960831464947e-06 -5.03929807503971e-07
47 35 3.65896682662992e-07 3.11388041173532e-07
49 35 -1.68046667538987e-05 1.60190898195889e-05
50 35 4.99076366409131e-06 1.45574927908446e-07
52 35 -5.75579989332575e-07 -3.86089797561948e-07
55 35 -2.33158354415636e-08 -1.49958620703462e-07
56 35 9.81588157669124e-06 -2.96432941558518e-09
59 35 -6.10416098185328e-05 -1.94772325018492e-08
61 35 1.3120322141248e-05 3.22745527279517e-06
62 35 -1.11583840913475e-06 -8.42148098645326e-07
0 36 1.64847840998343e-10 3.49134424547559e-11
3 36 1.52039360284232e-08 -2.65050395945356e-08
5 36 -1.27634651964037e-08 8.00416858501648e-09
6 36 -7.17544489358941e-08 -1.68340825457418e-08
9 36 -3.06054337974322e-07 -5.80725036014046e-09
10 36 2.69031385787199e-08 6.89201577069071e-08
12 36 -1.55200054178275e-08 -1.2891444091307e-08
15 36 -4.81726385054154e-07 -8.39609563553915e-08
17 36 2.6909858135065e-08 6.88961761197874e-08
18 36 -3.60100803980211e-08 1.24467882382144e-09
20 36 -7.0652916837801e-08 -2.04308878327822e-10
23 36 3.31893686457554e-08 8.14691380019224e-08
24 36 1.5221495047898e-08 -2.65339174968939e-08
27 36 -7.14039374561559e-07 6.49128268059679e-07
29 36 1.32548673842033e-06 -5.58743896756303e-07
30 36 -2.51695698289815e-07 -9.24241523284723e-08
33 36 -1.55623830942688e-08 -1.27434344267239e-08
34 36 -6.97991225292191e-08 -2.76468783553163e-09
36 36 -0.0180303175788909 0
39 36 -2.66699596899957e-09 -1.40645178718564e-07
40 36 -1.2823624090958e-08 7.78835620964051e-09
43 36 1.32548675271294e-06 -5.58744794662746e-07
45 36 -2.03315383606448e-06 3.62210266188341e-07
46 36 2.92749650151375e-07 2.61657544249955e-07
48 36 -6.98387835165498e-08 -1.28569715524495e-08
51 36 -2.51694460286895e-07 -9.24238934652205e-08
53 36 2.92749761381411e-07 2.616579837142e-07
54 36 -3.88036853942448e-09 -7.56854225232579e-08
57 36 -4.81725699934341e-07 -8.39591150121128e-08
58 36 3.31899941775608e-08 8.14670306868328e-08
60 36 -2.66624282058787e-09 -1.40645230827313e-07
63 36 1.42715717008063e-07 -2.01711698839002e-10
1 37 -3.34979953451882e-09 8.72587737255282e-09
2 37 -8.00105096322804e-10 -1.34066996673565e-08
4 37 -3.39051154090109e-09 1.55653533952013e-08
7 37 3.04136823236532e-06 5.79895840500369e-07
8 37 2.04226145053474e-09 -1.54382262196246e-08
11 37 4.88207154824407e-06 3.19336426273568e-05
13 37 3.69775456696221e-07 -4.05998442012286e-05
14 37 -6.18622003727553e-06 4.51222195377056e-06
16 37 -1.73894508780984e-09 7.6207587825846e-09
19 37 4.25105469527602e-06 -5.13701027787951e-06
21 37 -7.4732883663998e-06 4.71142170397202e-06
22 37 1.6188739993572e-06 3.43325383095871e-07
25 37 -1.65809832052818e-06 -1.44046899045712e-05
26 37 -1.94389519649193e-06 1.62852229603882e-06
28 37 3.27960398635638e-06 5.03951921355309e-07
31 37 -7.55654576820259e-07 4.07724554983517e-07
32 37 -1.71420575786419e-09 -5.67110433328968e-09
35 37 -2.43340024570283e-06 8.87650034526931e-07
37 37 -0.0132176579266836 0
38 37 -2.56644272736431e-07 -2.11425439906654e-07
41 37 8.7188197858196e-06 1.25349059140733e-05
42 37 1.1423021799809e-06 -3.01905271527847e-06
44 37 -6.97090594221531e-07 -4.49438229965359e-11
47 37 6.58623574884595e-06 -2.71986940399255e-06
49 37 9.25808972906169e-07 -2.94102140674184e-06
50 37 -5.80600727383892e-07 3.24959313773629e-07
52 37 1.1071051061396e-07 4.8443645784281e-08
55 37 -1.38333030945474e-06 -6.21843638926493e-07
56 37 -1.12747550779677e-06 6.82897477764126e-07
59 37 1.31227841188439e-05 -3.04191658496287e-06
61 37 -2.03196996486097e-05 6.2576430865669e-07
62 37 2.87823298502955e-06 2.72844963258606e-06
1 38 -1.07098291643953e-10 -1.04544824134698e-09
2 38 6.89875265068437e-10 1.26042537143815e-09
4 38 -1.66222773075714e-09 -2.55380274574528e-09
7 38 -5.25091251120448e-07 3.74025928527961e-07
8 38 5.85666919705762e-10 1.92299169669138e-09
11 38 -1.94117099398785e-06 -2.87133686760775e-06
13 38 5.47464722235316e-06 5.43733507049746e-06
14 38 2.32676804664837e-07 -1.5501429474705e-06
16 38 -2.54961464050615e-10 -7.75939977316908e-10
19 38 -1.70707294195868e-07 6.6036898657964e-07
21 38 3.51240819404075e-07 -1.63617143391914e-06
22 38 -3.02574764283678e-07 1.90559778558884e-07
25 38 1.14169794180156e-06 1.11680816900124e-06
26 38 7.90076055605977e-08 -2.28397495905811e-07
28 38 -5.75587909503945e-07 3.86310478723219e-07
31 38 1.3100736573504e-05 -3.0716293388487e-06
32 38 4.23236112714713e-10 3.62084085791018e-10
35 38 1.64535805867909e-07 -1.74969708413701e-07
37 38 -2.56644272736431e-07 2.11425439906654e-07
38 38 -0.0132195580637529 0
41 38 -1.33949519318001e-06 -5.78409474760077e-07
42 38 3.71123112712779e-08 2.81329214346891e-07
44 38 1.10847778352792e-07 -4.88546923326595e-08
47 38 -2.02953709557183e-05 6.73296426875119e-07
49 38 6.54539811733812e-08 2.81862645474875e-07
50 38 5.57947098483828e-09 -4.06497446464658e-08
52 38 -3.0883221355371e-08 2.30715711432344e-09
55 38 2.8820737207122e-06 2.7190761287054e-06
56 38 3.9302012853915e-08 -1.34338733334903e-07
59 38 -7.58247425712936e-07 4.28769541307743e-07
61 38 6.57247654477698e-06 -2.74125366772683e-06
62 38 -1.38656674115747e-06 -6.16967813709608e-07
0 39 2.56300722290513e-11 -1.37189499150925e-10
3 39 -1.0711140100198e-08 2.11749320837474e-08
5 39 7.81157187694547e-08 -1.1600521277857e-07
6 39 -6.18767627158114e-08 1.68834591229984e-07
9 39 -1.70234920587723e-08 3.16834130606603e-07
10 39 2.13304073058064e-08 -1.6030183607595e-08
12 39 -6.67419176856004e-08 1.6867396553831e-07
15 39 0.000103220457953186 -0.00040861428782076
17 39 4.85618801103612e-08 -3.43992562194754e-08
18 39 7.53972263023425e-09 1.99672547608353e-08
20 39 5.95404680201042e-08 -9.39559669615061e-08
23 39 -8.08517631030693e-05 3.81568880739756e-05
24 39 -1.1353196348464e-08 2.54262529058383e-08
27 39 -3.25042812471085e-05 -4.9000389447546e-05
29 39 -6.8256450359314e-05 0.000197971091659342
30 39 3.57103688238549e-05 -1.48617950075389e-05
33 39 -4.26033158385962e-08 1.27061286913662e-08
34 39 2.50045242658232e-08 -4.03688110307804e-08
36 39 -2.66699596899957e-09 1.40645178718564e-07
39 39 -0.0179862632371614 0
40 39 4.47543983757285e-08 -6.23016525397949e-08
43 39 -5.26538420217938e-05 0.000109598780462312
45 39 -8.27663057330346e-05 -0.000352415738914488
46 39 -4.98807388606328e-05 5.4705711743982e-05
48 39 -3.16514137431807e-08 1.31302657342021e-08
51 39 1.93982518174672e-05 -4.1083897254307e-06
53 39 -4.75467618745599e-05 5.46923622717517e-05
54 39 1.53810764794272e-05 -9.64694544130247e-07
57 39 4.46399457866708e-05 -2.79741439102733e-05
58 39 -1.01171622302257e-05 -8.20408695535796e-06
60 39 2.92348741147106e-05 -4.43348940323612e-13
63 39 -0.000180881858076525 -8.72456628167503e-08
0 40 -1.44212345503639e-09 -2.24061270524736e-09
3 40 -5.08028723452255e-07 3.73052771376743e-07
5 40 1.63706102514764e-07 -1.44705990688962e-12
6 40 -1.40822587137297e-08 1.24487182182135e-08
9 40 5.15242575109897e-06 4.71989277641242e-06
10 40 6.84733927752972e-08 -1.40104330012086e-06
12 40 -4.97842888129321e-07 1.12265271121494e-07
15 40 1.1692856009601e-06 1.01843826273702e-07
17 40 2.44582598078575e-07 -1.43314278916495e-06
18 40 -2.57690315535173e-07 1.82625210101202e-07
20 40 3.45484293045707e-08 1.3960496900275e-08
23 40 -1.43369938897457e-07 -1.78550897064083e-07
24 40 -6.74843148055267e-07 3.9158413373287e-07
27 40 3.93764575874013e-06 -1.99159911569153e-06
29 40 -1.42890533866603e-06 4.19680517705288e-07
30 40 1.94351317536821e-07 6.73911194155866e-08
33 40 -1.94207785078583e-07 1.11494257549679e-07
34 40 3.78566514998185e-08 -1.59208807464949e-08
36 40 -1.2823624090958e-08 -7.78835620964051e-09
39 40 4.47543983757285e-08 6.23016525397949e-08
40 40 -0.0180299758824736 0
43 40 -7.18299159309316e-06 4.82157923558155e-07
45 40 1.51843723908388e-06 -3.27417535145563e-09
46 40 -1.83189249353013e-07 -8.34769106924346e-08
48 40 -5.26088667199195e-08 -4.98522931083751e-08
51 40 1.03105728340316e-06 9.5436291678713e-07
53 40 -2.07375178327814e-07 -2.39439088335391e-07
54 40 1.38994979725676e-08 3.61626037818086e-08
57 40 3.27934107370157e-06 -7.35588447717441e-07
58 40 -5.88673768219397e-07 -3.89153206341505e-07
60 40 7.81160060981143e-08 1.1600590231314e-07
63 40 3.81739507000088e-09 -9.72815696321892e-10
1 41 5.01551436266726e-07 -1.25737409139627e-08
2 41 -2.19702187985765e-07 -1.4621429006956e-08
4 41 5.84435661608249e-08 2.00961731910652e-08
7 41 -5.45452387577613e-07 -7.22501812994604e-06
8 41 -2.21639207163892e-07 -6.15471632307685e-08
11 41 0.000369803117537673 -0.000133233396492294
13 41 -0.000140510151055521 -2.5149116029061e-11
14 41 1.31194520072668e-05 2.22621663501917e-05
16 41 4.36895604921092e-07 -1.06419328033579e-07
19 41 -5.36309866580303e-05 -3.51583853945034e-05
21 41 1.6706524535848e-05 2.01113540923185e-05
22 41 5.92997960692328e-07 -4.35615466253345e-06
25 41 -0.00104934986456569 0.000315463932427487
26 41 0.000194665779099954 0.000109970442402866
28 41 -1.21005086464408e-05 -3.30891615970116e-05
31 41 1.36569056953464e-05 -3.10763496757485e-06
32 41 -5.69833461632485e-07 -1.14754550553319e-07
35 41 -1.80278932121587e-05 0.000111919212041064
37 41 8.7188197858196e-06 -1.25349059140733e-05
38 41 -1.33949519318001e-06 5.78409474760077e-07
41 41 -0.0117344069582597 0
42 41 -0.000175950258822572 -0.000252813166464117
44 41 3.69863695931184e-07 4.05998690489834e-05
47 41 -1.8671398906242e-05 3.78740207932602e-07
49 41 -0.000164180212439737 -0.000227022193417116
50 41 -1.14159665853773e-05 5.80037006152211e-05
52 41 5.47464374582214e-06 -5.43721796343088e-06
55 41 2.6093973966503e-06 2.45790413009838e-06
56 41 -2.16760549339989e-05 0.000114157460431583
59 41 -6.00364564886198e-05 -3.53740229073725e-07
61 41 1.65744918146112e-05 3.32809964030864e-06
62 41 -1.64110127095894e-06 -1.34716991806793e-06
1 42 -6.99440503290114e-08 8.87956415098311e-08
2 42 3.36205386114262e-08 -3.65747066800431e-08
4 42 -1.03758719738331e-08 5.91225025548079e-09
7 42 9.87788482661553e-07 5.914363088397e-07
8 42 4.1951556745083e-08 -3.13139228718827e-08
11 42 -2.76469997470651e-05 8.47788266068544e-05
13 42 1.67065608958169e-05 -2.01113822533076e-05
14 42 -4.57005576878972e-06 -8.16116981079578e-07
16 42 -4.63446882524804e-08 8.85597370767448e-08
19 42 1.447424934083e-05 -4.62642542861214e-06
21 42 -4.84800665682645e-06 -1.90156956510566e-11
22 42 5.35050048475107e-07 5.38835495232519e-07
25 42 0.000100439412459368 -0.000220369267073822
26 42 -4.77180200858076e-05 1.64532298269921e-05
28 42 7.44577180154338e-06 2.42707298900703e-06
31 42 3.87907309173642e-08 -9.26866022313877e-08
32 42 8.79142274529429e-08 -8.3500499789175e-08
35 42 -1.78614089552148e-05 -1.62216447739201e-05
37 42 1.1423021799809e-06 3.01905271527847e-06
38 42 3.71123112712779e-08 -2.81329214346891e-07
41 42 -0.000175950258822572 0.000252813166464117
42 42 -0.0131541929887036 0
44 42 -7.47376760185396e-06 -4.71209525221965e-06
47 42 -6.82650007478131e-08 1.31389553540253e-07
49 42 5.81777257724946e-05 -1.76745296362035e-06
50 42 -8.85175542623451e-06 -8.89688207047829e-06
52 42 3.5128085755207e-07 1.63576004591533e-06
55 42 2.75976362176539e-08 -2.3864276266811e-09
56 42 -1.77443360112877e-05 -1.7021092939099e-05
59 42 -2.72886399831068e-09 1.19391554159903e-07
61 42 1.95947652642812e-08 -9.54615590595746e-08
62 42 -2.7531345546126e-08 -6.68836539497179e-10
0 43 -5.43025912563844e-09 5.24648351798809e-10
3 43 4.88501700024014e-06 -6.93826991972625e-07
5 43 -1.42890545739764e-06 -4.19680630825167e-07
6 43 1.1344466726e-06 3.28138954548703e-07
9 43 8.61547257595479e-06 -8.76456990948877e-07
10 43 -4.10506543761153e-07 -4.72049208111119e-07
12 43 1.16271813215643e-06 3.79565042834934e-07
15 43 -0.00258192837140422 -0.000524347642443616
17 43 -2.39387817575461e-07 -4.17082065280862e-07
18 43 3.95712180147127e-06 -1.66527199656554e-06
20 43 -1.30843744144782e-06 -1.72637611254195e-07
23 43 0.000279752777424942 0.000424316113197496
24 43 4.09199316950301e-06 -1.53042332651691e-06
27 43 -0.00992842979700607 0.00427971598410401
29 43 0.00300802235354025 2.3715487039444e-11
30 43 -0.000268393488623236 -0.000225692802501432
33 43 3.27240908465634e-06 1.21660481062629e-06
34 43 -7.07867850399202e-06 -3.94782856612009e-07
36 43 1.32548675271294e-06 5.58744794662746e-07
39 43 -5.26538420217938e-05 -0.000109598780462312
40 43 -7.18299159309316e-06 -4.82157923558155e-07
43 43 -0.00101394082256791 0
45 43 -0.00321179217432957 -0.00102153004341406
46 43 0.000241086011024553 0.000242756733792331
48 43 3.24656279323318e-06 1.20234926831432e-06
51 43 -0.00228061287758162 -0.00240792176664795
53 43 0.000299778659010535 0.000623363385415282
54 43 -1.61722336874185e-06 -6.66098295515389e-05
57 43 -0.0058770718747836 -0.000524345988636553
58 43 0.00076912187215842 0.000942658693489713
60 43 -6.82565280037014e-05 -0.000197971105841815
63 43 -8.40266824054526e-06 7.41678597200051e-07
1 44 2.0422647579121e-09 -1.54382894164901e-08
2 44 -1.73906376265518e-09 7.62076607564585e-09
4 44 -1.71461742182611e-09 -5.67088274749201e-09
7 44 -1.12747744470046e-06 6.82917944490274e-07
8 44 -3.34996283934041e-09 8.72595497944617e-09
11 44 -1.65807460896777e-06 -1.44046901128828e-05
13 44 8.71892740289571e-06 1.25348402371e-05
14 44 9.25886413116744e-07 -2.93985086006229e-06
16 44 -8.0017986760057e-10 -1.34068365521227e-08
19 44 -1.94390239547625e-06 1.62854158393857e-06
21 44 1.1423085498378e-06 -3.01912442984955e-06
22 44 -5.80503232381469e-07 3.25137518578452e-07
25 44 4.88205377072368e-06 3.19336481643288e-05
26 44 4.25106832318699e-06 -5.13704237757254e-06
28 44 -2.43292515692385e-06 8.87195058082703e-07
31 44 1.31227846925726e-05 -3.041916705555e-06
32 44 -3.39068587712785e-09 1.55661888541549e-08
35 44 3.27960831464947e-06 5.03929807503971e-07
37 44 -6.97090594221531e-07 4.49438229965359e-11
38 44 1.10847778352792e-07 4.88546923326595e-08
41 44 3.69863695931184e-07 -4.05998690489834e-05
42 44 -7.47376760185396e-06 4.71209525221965e-06
44 44 -0.013217657869785 0
47 44 -2.03196972524276e-05 6.25764479284728e-07
49 44 -6.18621149661527e-06 4.51228681165826e-06
50 44 1.61888653547093e-06 3.43235218888604e-07
52 44 -2.56564079780937e-07 -2.10986171674663e-07
55 44 2.87823303735519e-06 2.72844990486918e-06
56 44 3.04129848090201e-06 5.78564159295608e-07
59 44 -7.55654774357427e-07 4.07723984059182e-07
61 44 6.5862358216078e-06 -2.71986916337816e-06
62 44 -1.38333013079048e-06 -6.21843540200988e-07
0 45 1.84850853536116e-09 -1.69539869610772e-11
3 45 -9.39788161681369e-07 3.66567242748575e-07
5 45 1.51843709793045e-06 3.27424720191307e-09
6 45 -6.2689938909918e-07 -4.47719718697346e-07
9 45 -3.5291023100624e-06 6.50733781547798e-08
10 45 2.21046968376176e-07 3.82262042339935e-07
12 45 -6.07506913154686e-07 -5.0719567243863e-07
15 45 0.00103743355294449 0.00066725996256752
17 45 2.21046960831952e-07 3.8226204171471e-07
18 45 -7.33376451157308e-07 5.26955170576869e-07
20 45 1.27445416386478e-06 -3.11410243777956e-07
23 45 1.3908988975394e-05 -0.000230785805116922
24 45 -9.3978823231487e-07 3.66567255256635e-07
27 45 0.00186412163415476 -0.00150527316774845
29 45 -0.00321179222132223 0.00102153001124933
30 45 0.000568606769177616 0.000261453166620027
33 45 -6.07506626428637e-07 -5.07195690751835e-07
34 45 1.27445451286529e-06 -3.11411312149507e-07
36 45 -2.03315383606448e-06 -3.62210266188341e-07
39 45 -8.27663057330346e-05 0.000352415738914488
40 45 1.51843723908388e-06 3.27417535145563e-09
43 45 -0.00321179217432957 0.00102153004341406
45 45 -0.0127237058253332 0
46 45 -0.000608843161702193 -0.000796830294895072
48 45 -6.26898522259868e-07 -4.47718147029376e-07
51 45 0.000568606699552474 0.000261453231243033
53 45 -0.000608843241048209 -0.000796830353297601
54 45 -2.97318101900597e-05 0.000192113706184244
57 45 0.00103743340524982 0.000667259913074193
58 45 1.39089228620012e-05 -0.00023078576359024
60 45 -8.27660723882864e-05 0.000352415786337641
63 45 -0.000177535711536731 2.85463069665142e-07
0 46 -2.27617769586324e-10 1.80078934810506e-10
3 46 7.77118084452176e-08 -6.66555051305974e-08
5 46 -2.07375114509968e-07 2.39439032000052e-07
6 46 1.35146119934509e-07 -4.35083844328444e-08
9 46 4.0417563487626e-07 -4.08569319501932e-07
10 46 -8.04834688239751e-08 -1.3869044678489e-08
12 46 1.42256369632988e-07 -3.36407351336559e-08
15 46 -0.000183042875631618 8.80706294894613e-05
17 46 -8.11347259745934e-08 -9.59678551142734e-09
18 46 4.70636872463519e-08 -7.48460033526416e-08
20 46 -1.32160072911827e-07 2.38829309933859e-07
23 46 3.05397043931594e-05 2.28363151968548e-05
24 46 1.04936892124765e-07 -8.50011521098644e-08
27 46 -9.26388467049715e-05 0.000214005670061678
29 46 0.000299778499534989 -0.000623363272849571
30 46 -0.000128374997308686 4.99118335484706e-05
33 46 1.0895590956694e-07 2.00180821720434e-08
34 46 -1.01878663597049e-07 8.3102346829246e-08
36 46 2.92749650151375e-07 -2.61657544249955e-07
39 46 -4.98807388606328e-05 -5.4705711743982e-05
40 46 -1.83189249353013e-07 8.34769106924346e-08
43 46 0.000241086011024553 -0.000242756733792331
45 46 -0.000608843161702193 0.000796830294895072
46 46 -0.0178259019978654 0
48 46 1.00693469661742e-07 1.0002031670719e-08
51 46 -5.76640430404912e-05 3.6712797940154e-06
53 46 0.000189590546734501 -3.782675178811e-13
54 46 -2.76595783594443e-05 -2.80831294949314e-05
57 46 -0.000167562633507527 -2.67018048039215e-07
58 46 1.42276358212959e-05 3.36260330572472e-05
60 46 -4.75467656094254e-05 -5.46934194898206e-05
63 46 -1.8952977569819e-07 3.91379961029614e-07
1 47 -8.35285651827646e-09 -7.8327207259956e-10
2 47 7.06458040646501e-09 3.84869853319402e-10
4 47 -1.28977348336422e-08 1.50784119908998e-09
7 47 1.58117150274493e-05 -4.72424008729946e-07
8 47 7.29369389929044e-09 5.86220313689368e-10
11 47 -1.73237761881884e-05 -4.80841906095917e-07
13 47 1.65744920126325e-05 -3.32809869247122e-06
14 47 -5.69003592808287e-07 -5.71540172061806e-07
16 47 -7.30250236100413e-09 2.44403002017571e-10
19 47 2.39504851783587e-06 2.41939592447896e-06
21 47 1.9594781564009e-08 9.54614010258356e-08
22 47 1.31224526859429e-05 -3.17657717655917e-06
25 47 1.59407686134614e-05 -3.06863315267207e-06
26 47 -4.18230053680395e-07 -4.63813218534493e-07
28 47 1.31203224751134e-05 -3.22745537107152e-06
31 47 -0.0329460279707203 0.00804302640566359
32 47 7.52368701801468e-09 5.10204084098508e-10
35 47 3.65896682662992e-07 -3.11388041173532e-07
37 47 6.58623574884595e-06 2.71986940399255e-06
38 47 -2.02953709557183e-05 -6.73296426875119e-07
41 47 -1.8671398906242e-05 -3.78740207932602e-07
42 47 -6.82650007478131e-08 -1.31389553540253e-07
44 47 -2.03196972524276e-05 -6.25764479284728e-07
47 47 0.0363002641363369 0
49 47 2.62319886513452e-06 2.6235843771567e-06
50 47 3.62738948719861e-07 -3.84213027773878e-07
52 47 6.57247659507734e-06 2.74125573310766e-06
55 47 -0.00674821961452645 -0.00684938087336277
56 47 -2.22740731985328e-07 -9.78338651327043e-07
59 47 -0.000928532182523014 0.00103088764488865
61 47 -0.00975988742033569 6.02038841211951e-12
62 47 0.001469768373523 0.00155501094260113
0 48 3.64956276896304e-10 8.15198246363266e-11
3 48 1.06670913440901e-08 -9.67174378532263e-08
5 48 -1.41239041083854e-08 -1.24545367945242e-08
6 48 -2.40211385966224e-08 -1.13837585394966e-11
9 48 -8.91176525007762e-07 2.35477585338305e-08
10 48 1.35525290889261e-07 1.42404923141224e-07
12 48 2.11348566072268e-08 -3.8620026089497e-08
15 48 -6.53460521559484e-07 1.28039531421128e-07
17 48 8.77854042181235e-08 1.5595327304818e-07
18 48 1.71323096378789e-08 -4.88027594171508e-08
20 48 1.11262613229407e-08 -6.15699514698787e-09
23 48 1.04426153854319e-07 7.60188478467798e-08
24 48 3.01741423101756e-08 -9.46749403618561e-08
27 48 -8.97834086418603e-07 1.72733993977316e-06
29 48 1.13444762268186e-06 -3.28140181454392e-07
30 48 -1.52856970231155e-07 -1.15999066562294e-07
33 48 1.18009260433569e-08 -4.63168146632781e-08
34 48 -4.77672777109524e-08 -7.31662074817553e-09
36 48 -6.98387835165498e-08 1.28569715524495e-08
39 48 -3.16514137431807e-08 -1.31302657342021e-08
40 48 -5.26088667199195e-08 4.98522931083751e-08
43 48 3.24656279323318e-06 -1.20234926831432e-06
45 48 -6.26898522259868e-07 4.47718147029376e-07
46 48 1.00693469661742e-07 -1.0002031670719e-08
48 48 -0.0180303452415964 0
51 48 -6.04320829704718e-07 -3.21406364628673e-07
53 48 1.35146036456837e-07 4.35089640833891e-08
54 48 -1.60416314727184e-08 -9.92071290277562e-09
57 48 -6.42672366812468e-06 3.50155959967679e-07
58 48 9.69585413811021e-07 9.42662705965454e-07
60 48 -6.18764289773894e-08 -1.68836619659417e-07
63 48 6.87068499678085e-08 7.68975615595872e-10
1 49 -5.93825446366545e-08 3.77450388095498e-08
2 49 1.63609046743314e-08 -2.16202875582849e-08
4 49 -7.43507388033298e-09 6.81609772252496e-09
7 49 1.10211200121706e-06 6.22417874938552e-07
8 49 2.36700196411392e-08 -1.67540677151909e-08
11 49 -8.47108956242321e-06 6.25289098132179e-05
13 49 1.31195081851006e-05 -2.22621422203181e-05
14 49 -4.13038069328478e-06 -1.0647174679875e-11
16 49 -3.62243376690322e-08 3.83228205980716e-08
19 49 7.95633735990359e-06 -4.74245437027558e-06
21 49 -4.57087929478812e-06 8.17196257491885e-07
22 49 5.96575667992932e-07 4.81473301837251e-07
25 49 8.19423005316724e-05 -9.3831140090104e-05
26 49 -2.42921846487756e-05 9.34378152520118e-07
28 49 3.57726317021068e-06 2.44318973268372e-06
31 49 -1.09031883386858e-06 7.96982406354438e-07
32 49 8.19198517804444e-08 -7.34721683886632e-08
35 49 -1.68046667538987e-05 -1.60190898195889e-05
37 49 9.25808972906169e-07 2.94102140674184e-06
38 49 6.54539811733812e-08 -2.81862645474875e-07
41 49 -0.000164180212439737 0.000227022193417116
42 49 5.81777257724946e-05 1.76745296362035e-06
44 49 -6.18621149661527e-06 -4.51228681165826e-06
47 49 2.62319886513452e-06 -2.6235843771567e-06
49 49 -0.0131625124152119 0
50 49 -8.22231463284616e-06 -8.76922153006764e-06
52 49 2.32998575519433e-07 1.54869267609488e-06
55 49 -7.75137581117348e-07 5.78832825163318e-10
56 49 -1.62421793204374e-05 -1.68207545359199e-05
59 49 3.9007416530693e-09 2.64414373801706e-07
61 49 -5.69003580931857e-07 5.71540054677233e-07
62 49 1.7104072780486e-07 -6.98117985681503e-09
1 50 3.50975835701939e-09 -1.42829556582599e-08
2 50 -6.31426466126371e-10 5.44661205221543e-09
4 50 3.06144384474259e-10 -1.75394222789223e-09
7 50 -2.07122243944872e-07 5.43715859090489e-08
8 50 -2.46032111750881e-09 5.81346128182187e-09
11 50 -4.73671376171959e-06 -1.00001460714835e-05
13 50 5.92991499777461e-07 4.35618927624219e-06
14 50 5.96587725287087e-07 -4.8156469382958e-07
16 50 9.13195780387517e-11 -1.08217773133476e-08
19 50 -9.03033057139946e-07 1.22983842400288e-06
21 50 5.35070032304233e-07 -5.39046067705585e-07
22 50 -9.8123511664246e-08 4.21860221516494e-09
25 50 1.15441134097165e-06 2.61598837333437e-05
26 50 3.62026386236023e-06 -3.69778924983459e-06
28 50 -8.81798809555948e-07 1.61660983732464e-07
31 50 9.75242851385486e-07 8.74059228667035e-09
32 50 -5.49268641342676e-10 2.31470413685462e-08
35 50 4.99076366409131e-06 -1.45574927908446e-07
37 50 -5.80600727383892e-07 -3.24959313773629e-07
38 50 5.57947098483828e-09 4.06497446464658e-08
41 50 -1.14159665853773e-05 -5.80037006152211e-05
42 50 -8.85175542623451e-06 8.89688207047829e-06
44 50 1.61888653547093e-06 -3.43235218888604e-07
47 50 3.62738948719861e-07 3.84213027773878e-07
49 50 -8.22231463284616e-06 8.76922153006764e-06
50 50 -0.0132170021460729 0
52 50 -3.07467700729771e-07 -1.85439771290211e-07
55 50 -9.35510855105048e-09 -1.58635259580244e-07
56 50 5.06631842591162e-06 -8.05747927547137e-08
59 50 -6.09774326495167e-05 1.40997214690616e-07
61 50 1.31224505190588e-05 3.1765793125167e-06
62 50 -1.12327682278684e-06 -8.37705825614744e-07
0 51 6.01138340636991e-10 -4.58741223413812e-10
3 51 -5.33178315957204e-07 3.16387296406739e-07
5 51 1.94351170405924e-07 -6.73901821207959e-08
6 51 -1.5285708968939e-07 1.15998823113172e-07
9 51 -9.35233029011172e-07 8.5201457918452e-07
10 51 1.19391820344056e-07 6.22957799935962e-09
12 51 -1.63402853662178e-07 1.13800887978341e-07
15 51 0.000324124239140692 -0.000301031504343281
17 51 8.59292039326668e-08 2.45760349649516e-08
18 51 -2.53321297242051e-07 3.14643447802781e-07
20 51 1.43616230778375e-07 -8.69824865951173e-08
23 51 -9.18542736772318e-05 -6.44501153400774e-06
24 51 -2.83598691462002e-07 3.12826742499944e-07
27 51 0.000627932264463337 -0.000801015584376352
29 51 -0.000268393429802028 0.000225692809793299
30 51 5.0971175056785e-05 -1.25088215779696e-12
33 51 -6.08586792258177e-07 3.2434270474159e-07
34 51 1.00844590395156e-06 -9.53248366862145e-07
36 51 -2.51694460286895e-07 9.24238934652205e-08
39 51 1.93982518174672e-05 4.1083897254307e-06
40 51 1.03105728340316e-06 -9.5436291678713e-07
43 51 -0.00228061287758162 0.00240792176664795
45 51 0.000568606699552474 -0.000261453231243033
46 51 -5.76640430404912e-05 -3.6712797940154e-06
48 51 -6.04320829704718e-07 3.21406364628673e-07
51 51 -0.0173365250704233 0
53 51 -0.000128374882522989 -4.9913508437651e-05
54 51 8.11602922421199e-06 8.72458361691773e-06
57 51 0.000813411161887703 -0.000819313631091591
58 51 -0.000246469464968134 -6.44388490720789e-06
60 51 3.5710377767848e-05 1.48617957387986e-05
63 51 9.60967506165674e-07 -8.66556273165695e-07
1 52 5.85746570452346e-10 1.92250477287377e-09
2 52 -2.54281579408107e-10 -7.75255971669376e-10
4 52 4.22012854566292e-10 3.54251265528936e-10
7 52 3.92979503931285e-08 -1.3415890936016e-07
8 52 -1.07322040235222e-10 -1.04522290134343e-09
11 52 1.14170953120557e-06 1.11677934942807e-06
13 52 -1.33949896062613e-06 -5.78282411256555e-07
14 52 6.53364854579807e-08 2.81475334704756e-07
16 52 6.87940833951086e-10 1.25967507770368e-09
19 52 7.89542767410507e-08 -2.28118879938535e-07
21 52 3.70552709440125e-08 2.79325324751576e-07
22 52 7.51950640206426e-09 -3.09880798814621e-08
25 52 -1.9411934505466e-06 -2.87128577413385e-06
26 52 -1.70644674111295e-07 6.60093032921789e-07
28 52 1.64456373840852e-07 -1.73936576856658e-07
31 52 -7.58246419956869e-07 4.28773949229746e-07
32 52 -1.65916104974699e-09 -2.54971805115371e-09
35 52 -5.75579989332575e-07 3.86089797561948e-07
37 52 1.1071051061396e-07 -4.8443645784281e-08
38 52 -3.0883221355371e-08 -2.30715711432344e-09
41 52 5.47464374582214e-06 5.43721796343088e-06
42 52 3.5128085755207e-07 -1.63576004591533e-06
44 52 -2.56564079780937e-07 2.10986171674663e-07
47 52 6.57247659507734e-06 -2.74125573310766e-06
49 52 2.32998575519433e-07 -1.54869267609488e-06
50 52 -3.07467700729771e-07 1.85439771290211e-07
52 52 -0.0132195588155613 0
55 52 -1.38656559029784e-06 -6.16966870508267e-07
56 52 -5.24833311967591e-07 3.73224981710085e-07
59 52 1.31007344495155e-05 -3.07163191535978e-06
61 52 -2.02953720892981e-05 6.73296669995293e-07
62 52 2.88207387293745e-06 2.71907355219018e-06
0 53 -2.27617768088769e-10 1.80069799474619e-10
3 53 1.04936805645655e-07 -8.50011185178049e-08
5 53 -1.83190428714635e-07 8.34793758696805e-08
6 53 1.0069364503759e-07 1.00021295873779e-08
9 53 4.04175720434963e-07 -4.0856924070737e-07
10 53 -8.11347096726657e-08 -9.59709449053999e-09
12 53 1.08955973511294e-07 2.00180484486196e-08
15 53 -0.000167562804462458 -2.6690118985605e-07
17 53 -8.0483580273914e-08 -1.38689071418056e-08
18 53 4.70637351890402e-08 -7.48459811837159e-08
20 53 -1.01879292861148e-07 8.31035612149276e-08
23 53 1.42290779729244e-05 3.36226809194443e-05
24 53 7.77118546839653e-08 -6.66555575587264e-08
27 53 -9.26389565123093e-05 0.000214005676974606
29 53 0.000241086212925279 -0.000242756837602367
30 53 -5.76640662494343e-05 3.67127155160379e-06
33 53 1.42256718273267e-07 -3.3641322292897e-08
34 53 -1.32160144119818e-07 2.38829449179708e-07
36 53 2.92749761381411e-07 -2.616579837142e-07
39 53 -4.75467618745599e-05 -5.46923622717517e-05
40 53 -2.07375178327814e-07 2.39439088335391e-07
43 53 0.000299778659010535 -0.000623363385415282
45 53 -0.000608843241048209 0.000796830353297601
46 53 0.000189590546734501 3.782675178811e-13
48 53 1.35146036456837e-07 -4.35089640833891e-08
51 53 -0.000128374882522989 4.9913508437651e-05
53 53 -0.0178259025770126 0
54 53 -2.76596602508471e-05 -2.80833243112762e-05
57 53 -0.000183043109655953 8.80706397034414e-05
58 53 3.05396921713551e-05 2.28363386584431e-05
60 53 -4.98807463199461e-05 -5.47057241344685e-05
63 53 -1.89530053952172e-07 3.91380364619498e-07
0 54 1.32323144954281e-11 -4.26965164680476e-11
3 54 -8.4815197683135e-09 1.22208048286948e-08
5 54 1.38991616883039e-08 -3.61623882169083e-08
6 54 -1.60433790738056e-08 9.92174712278072e-09
9 54 -9.51207245255783e-09 9.21565201106075e-08
10 54 1.245675394714e-08 -8.40730513208666e-09
12 54 -1.86884848549625e-08 9.49518016470424e-09
15 54 2.38904864853843e-05 -1.6256113107137e-05
17 54 1.24564482725869e-08 -8.40711870487158e-09
18 54 -2.73746344682687e-09 9.18740474339242e-09
20 54 2.94192390964238e-09 -2.49537754404879e-08
23 54 -5.73752552969739e-06 -3.98825932745134e-06
24 54 -8.48139381751274e-09 1.22204459890592e-08
27 54 -6.05712619198635e-07 -2.3193558351443e-05
29 54 -1.61720126986183e-06 6.66098428708003e-05
30 54 8.11588056273712e-06 -8.724758326355e-06
33 54 -1.86883436105753e-08 9.49505568294491e-09
34 54 2.94160040251147e-09 -2.49541297350032e-08
36 54 -3.88036853942448e-09 7.56854225232579e-08
39 54 1.53810764794272e-05 9.64694544130247e-07
40 54 1.38994979725676e-08 -3.61626037818086e-08
43 54 -1.61722336874185e-06 6.66098295515389e-05
45 54 -2.97318101900597e-05 -0.000192113706184244
46 54 -2.76595783594443e-05 2.80831294949314e-05
48 54 -1.60416314727184e-08 9.92071290277562e-09
51 54 8.11602922421199e-06 -8.72458361691773e-06
53 54 -2.76596602508471e-05 2.80833243112762e-05
54 54 -0.0180221307631542 0
57 54 2.38905131519432e-05 -1.62561522877154e-05
58 54 -5.73827325096706e-06 -3.98750065250979e-06
60 54 1.53813269629384e-05 9.64581242744738e-07
63 54 -0.000180683139914818 4.0059358108348e-07
1 55 1.21844381161191e-09 -5.14621680291788e-10
2 55 -1.01977940404524e-09 8.77640097779426e-10
4 55 1.41311996793117e-09 -8.70276214719916e-10
7 55 -1.91857214984189e-06 8.39160436115222e-07
8 55 -1.08413162161766e-09 8.79111060033562e-10
11 55 2.41344235351713e-06 -2.20889476859084e-06
13 55 -1.64110120967446e-06 1.3471700458026e-06
14 55 1.71040644679124e-07 6.98095318452691e-09
16 55 9.12702604341048e-10 -5.1235592887948e-10
19 55 -7.04816120131692e-07 -7.15260497554364e-09
21 55 -2.75322467097776e-08 6.6823578910428e-10
22 55 -1.12327638266753e-06 8.37708965310804e-07
25 55 -1.58835991419325e-06 1.29731128128717e-06
26 55 1.46308463916102e-07 1.34972447233442e-09
28 55 -1.11583842229422e-06 8.42148514867829e-07
31 55 0.00282701520902642 -0.00210790396503201
32 55 -1.10217899068967e-09 9.19824810967324e-10
35 55 -2.33158354415636e-08 1.49958620703462e-07
37 55 -1.38333030945474e-06 6.21843638926493e-07
38 55 2.8820737207122e-06 -2.7190761287054e-06
41 55 2.6093973966503e-06 -2.45790413009838e-06
42 55 2.75976362176539e-08 2.3864276266811e-09
44 55 2.87823303735519e-06 -2.72844990486918e-06
47 55 -0.00674821961452645 0.00684938087336277
49 55 -7.75137581117348e-07 -5.78832825163318e-10
50 55 -9.35510855105048e-09 1.58635259580244e-07
52 55 -1.38656559029784e-06 6.16966870508267e-07
55 55 -0.011211872979421 0
56 55 1.75267282892225e-07 1.56292330777391e-07
59 55 1.37254315300273e-05 -0.000408182073125651
61 55 0.00146976833782631 -0.00155501096247238
62 55 -0.000474542844808743 5.61911959192289e-12
1 56 8.33916144203776e-09 -2.65552626420739e-08
2 56 -2.87273612434761e-09 1.00366749570758e-08
4 56 1.2182435889169e-09 -2.79224857216317e-09
7 56 -2.74569782772318e-07 9.45443319190872e-13
8 56 -6.92128695675698e-09 1.05944046670833e-08
11 56 -5.20943434346373e-06 -1.88942199367472e-05
13 56 -5.45445852809061e-07 7.22502667328898e-06
14 56 1.10211356833611e-06 -6.22513162555419e-07
16 56 1.60852102998159e-09 -1.99494646966171e-08
19 56 -2.2168439526418e-06 1.55491971362475e-06
21 56 9.87790731814606e-07 -5.91436547424973e-07
22 56 -2.07092014836461e-07 -5.42970408645774e-08
25 56 -9.61883534249008e-07 4.90227217930374e-05
26 56 7.20187086543267e-06 -6.52231550439043e-06
28 56 -1.62710231943898e-06 2.04082634829497e-07
31 56 9.68452631757997e-07 1.84037712019258e-07
32 56 -1.90674383380096e-09 4.53436138999919e-08
35 56 9.81588157669124e-06 2.96432941558518e-09
37 56 -1.12747550779677e-06 -6.82897477764126e-07
38 56 3.9302012853915e-08 1.34338733334903e-07
41 56 -2.16760549339989e-05 -0.000114157460431583
42 56 -1.77443360112877e-05 1.7021092939099e-05
44 56 3.04129848090201e-06 -5.78564159295608e-07
47 56 -2.22740731985328e-07 9.78338651327043e-07
49 56 -1.62421793204374e-05 1.68207545359199e-05
50 56 5.06631842591162e-06 8.05747927547137e-08
52 56 -5.24833311967591e-07 -3.73224981710085e-07
55 56 1.75267282892225e-07 -1.56292330777391e-07
56 56 -0.0132082741327902 0
59 56 -6.21704988408552e-05 8.70102903224038e-07
61 56 1.58117149817909e-05 4.72424388526672e-07
62 56 -1.91857345992208e-06 -8.39160800215614e-07
0 57 3.47602387258942e-09 -9.69392619350709e-10
3 57 -9.98266637078875e-07 1.07248141482965e-06
5 57 1.16928546392174e-06 -1.01843745997892e-07
6 57 -6.53460585540515e-07 -1.2803956326105e-07
9 57 -7.53467499381107e-06 1.66059278354746e-06
10 57 9.19030737515719e-07 9.14982971402905e-07
12 57 -6.86354095609279e-07 -2.7968888369315e-07
15 57 0.00129304488742802 2.16993807430487e-11
17 57 1.25639885799163e-07 7.80087756425745e-08
18 57 -6.67487569550372e-07 1.39462362322417e-06
20 57 1.09428446359361e-06 -1.34065364641728e-07
23 57 -0.000164065168468075 -0.000181007956551987
24 57 -8.27118822500206e-07 1.12741023563337e-06
27 57 0.00163776045682389 -0.00350966866741942
29 57 -0.00258192829357733 0.000524347576330429
30 57 0.000324124331656394 0.00030103150802103
33 57 -6.44359350080108e-06 -3.42148839842718e-07
34 57 3.20669117058622e-06 7.40520682158658e-07
36 57 -4.81725699934341e-07 8.39591150121128e-08
39 57 4.46399457866708e-05 2.79741439102733e-05
40 57 3.27934107370157e-06 7.35588447717441e-07
43 57 -0.0058770718747836 0.000524345988636553
45 57 0.00103743340524982 -0.000667259913074193
46 57 -0.000167562633507527 2.67018048039215e-07
48 57 -6.42672366812468e-06 -3.50155959967679e-07
51 57 0.000813411161887703 0.000819313631091591
53 57 -0.000183043109655953 -8.80706397034414e-05
54 57 2.38905131519432e-05 1.62561522877154e-05
57 57 -0.0027210348805485 0
58 57 -0.00217704710113331 -0.00236415303772527
60 57 0.000103220873456494 0.000408614726424628
63 57 -0.000173604782209244 -1.44730929069248e-06
0 58 -3.89725528557798e-10 5.85756152190689e-10
3 58 4.59479171628517e-08 -2.05178268968395e-07
5 58 -1.43369863419641e-07 1.78550883047554e-07
6 58 1.0442557222539e-07 -7.601907466017e-08
9 58 8.59481803913511e-07 -1.27549301188685e-06
10 58 -2.75115777798257e-07 1.29952990295806e-08
12 58 1.33472562754912e-07 -5.99376970094028e-08
15 58 -0.000164065153682154 0.000181007958905693
17 58 -2.54589401260732e-08 9.42163530293486e-09
18 58 -5.23065398010759e-08 -2.00186410026715e-07
20 58 -1.31378133475387e-07 1.68744118791682e-07
23 58 4.91872272763854e-05 -1.08566301929293e-12
24 58 1.25114396319094e-08 -1.86793346714469e-07
27 58 0.000136279470618229 0.00049609668972671
29 58 0.000279752638783476 -0.000424316080006573
30 58 -9.18542703056249e-05 6.44306363663247e-06
33 58 9.7046480477359e-07 -9.47327774327113e-07
34 58 -5.8304659558872e-07 3.74155601270008e-07
36 58 3.31899941775608e-08 -8.14670306868328e-08
39 58 -1.01171622302257e-05 8.20408695535796e-06
40 58 -5.88673768219397e-07 3.89153206341505e-07
43 58 0.00076912187215842 -0.000942658693489713
45 58 1.39089228620012e-05 0.00023078576359024
46 58 1.42276358212959e-05 -3.36260330572472e-05
48 58 9.69585413811021e-07 -9.42662705965454e-07
51 58 -0.000246469464968134 6.44388490720789e-06
53 58 3.05396921713551e-05 -2.28363386584431e-05
54 58 -5.73827325096706e-06 3.98750065250979e-06
57 58 -0.00217704710113331 0.00236415303772527
58 58 -0.0173380685761988 0
60 58 -8.08516992874105e-05 -3.81585764409918e-05
63 58 -7.69533961125016e-07 1.2977402884565e-06
1 59 -5.0520077892376e-09 -1.05255707587767e-09
2 59 2.37471636334754e-08 2.1998364699974e-10
4 59 -5.81383308099967e-09 -1.15703987599332e-09
7 59 9.68452845027666e-07 -1.84037140507755e-07
8 59 2.42054368008294e-08 4.85893025806345e-10
11 59 -5.87178611683914e-05 2.75105214043851e-07
13 59 1.36569057347834e-05 3.10763497408614e-06
14 59 -1.09031876603515e-06 -7.96982437879584e-07
16 59 -5.07204487028949e-09 -1.17415912676711e-09
19 59 -2.70046129768634e-07 -4.77453687687234e-07
21 59 3.87907944293176e-08 9.26865626289424e-08
22 59 9.75242928848377e-07 -8.73719935478649e-09
25 59 1.3018935772933e-05 3.4073227759788e-06
26 59 -9.42758626329416e-07 -6.91576463910746e-07
28 59 9.61870356711723e-07 -3.90851195356612e-08
31 59 -0.00244748197131703 2.77429104636009e-11
32 59 4.86678281232291e-08 2.54206422445748e-10
35 59 -6.10416098185328e-05 1.94772325018492e-08
37 59 1.31227841188439e-05 3.04191658496287e-06
38 59 -7.58247425712936e-07 -4.28769541307743e-07
41 59 -6.00364564886198e-05 3.53740229073725e-07
42 59 -2.72886399831068e-09 -1.19391554159903e-07
44 59 -7.55654774357427e-07 -4.07723984059182e-07
47 59 -0.000928532182523014 -0.00103088764488865
49 59 3.9007416530693e-09 -2.64414373801706e-07
50 59 -6.09774326495167e-05 -1.40997214690616e-07
52 59 1.31007344495155e-05 3.07163191535978e-06
55 59 1.37254315300273e-05 0.000408182073125651
56 59 -6.21704988408552e-05 -8.70102903224038e-07
59 59 0.13998361091872 0
61 59 -0.0329460276108458 -0.0080430263798617
62 59 0.00282701526770621 0.00210790397283267
0 60 2.56008116656238e-11 -1.37184709254147e-10
3 60 -1.13532632916697e-08 2.54262742615493e-08
5 60 4.47546764772276e-08 -6.23017455816792e-08
6 60 -3.16529978282353e-08 1.3129947551212e-08
9 60 -1.70237052054351e-08 3.16834196391649e-07
10 60 4.85617850774387e-08 -3.43992080541666e-08
12 60 -4.26038318602833e-08 1.27085149638473e-08
15 60 4.46400086718767e-05 -2.79741511264184e-05
17 60 2.13304200300167e-08 -1.60301384021388e-08
18 60 7.53963459967891e-09 1.99672519195624e-08
20 60 2.50046124721073e-08 -4.03677867656486e-08
23 60 -1.01171653140971e-05 -8.2040890812566e-06
24 60 -1.071117381978e-08 2.11750337694971e-08
27 60 -3.25041658238327e-05 -4.90004098868071e-05
29 60 -5.26545252732302e-05 0.00010959918814188
30 60 1.93996851657735e-05 -4.1117046382167e-06
33 60 -6.67421062115048e-08 1.68674178652681e-07
34 60 5.95408075933698e-08 -9.39576371836611e-08
36 60 -2.66624282058787e-09 1.40645230827313e-07
39 60 2.92348741147106e-05 4.43348940323612e-13
40 60 7.81160060981143e-08 -1.1600590231314e-07
43 60 -6.82565280037014e-05 0.000197971105841815
45 60 -8.27660723882864e-05 -0.000352415786337641
46 60 -4.75467656094254e-05 5.46934194898206e-05
48 60 -6.18764289773894e-08 1.68836619659417e-07
51 60 3.5710377767848e-05 -1.48617957387986e-05
53 60 -4.98807463199461e-05 5.47057241344685e-05
54 60 1.53813269629384e-05 -9.64581242744738e-07
57 60 0.000103220873456494 -0.000408614726424628
58 60 -8.08516992874105e-05 3.81585764409918e-05
60 60 -0.0179862653648249 0
63 60 -0.000180881858628921 -8.72457987246232e-08
1 61 7.29368846377499e-09 5.8620291296956e-10
2 61 -7.30249733913719e-09 2.44403034617963e-10
4 61 7.52368419965464e-09 5.10195265252459e-10
7 61 -2.22740398826009e-07 -9.78338092949023e-07
8 61 -8.35285314139327e-09 -7.83275786350295e-10
11 61 1.59407686315434e-05 -3.06863324864938e-06
13 61 -1.86713990921497e-05 -3.78739938609125e-07
14 61 2.6231987799507e-06 2.62358420390527e-06
16 61 7.06457678243116e-09 3.8487408476524e-10
19 61 -4.18230119902827e-07 -4.63813089527717e-07
21 61 -6.82649129634191e-08 -1.31390830247861e-07
22 61 3.62739918966457e-07 -3.84209137612887e-07
25 61 -1.73237764211738e-05 -4.80841827057118e-07
26 61 2.39504853198051e-06 2.4193958264152e-06
28 61 3.65896890742589e-07 -3.11387530766447e-07
31 61 -0.000928532763405619 0.00103088757073044
32 61 -1.28977287042856e-08 1.50783870631299e-09
35 61 1.3120322141248e-05 -3.22745527279517e-06
37 61 -2.03196996486097e-05 -6.2576430865669e-07
38 61 6.57247654477698e-06 2.74125366772683e-06
41 61 1.65744918146112e-05 -3.32809964030864e-06
42 61 1.95947652642812e-08 9.54615590595746e-08
44 61 6.5862358216078e-06 2.71986916337816e-06
47 61 -0.00975988742033569 -6.02038841211951e-12
49 61 -5.69003580931857e-07 -5.71540054677233e-07
50 61 1.31224505190588e-05 -3.1765793125167e-06
52 61 -2.02953720892981e-05 -6.73296669995293e-07
55 61 0.00146976833782631 0.00155501096247238
56 61 1.58117149817909e-05 -4.72424388526672e-07
59 61 -0.0329460276108458 0.0080430263798617
61 61 0.0363002701509562 0
62 61 -0.00674821955926793 -0.00684938083824821
1 62 -1.08412587137481e-09 8.78550619983515e-10
2 62 9.12695574513075e-10 -5.12350950382346e-10
4 62 -1.10216914465503e-09 9.19836206436989e-10
7 62 1.75267336650212e-07 1.56292703396905e-07
8 62 1.21846778039459e-09 -5.14626894382666e-10
11 62 -1.58835979264753e-06 1.29731119724453e-06
13 62 2.60939756778441e-06 -2.45790402620277e-06
14 62 -7.75138183892556e-07 -5.79858393777184e-10
16 62 -1.01977195421428e-09 8.77639200763912e-10
19 62 1.46308429607147e-07 1.34987583183365e-09
21 62 2.75976363839813e-08 2.38624036013303e-09
22 62 -9.35268090077946e-09 1.58638107889886e-07
25 62 2.41344241553787e-06 -2.20889470239953e-06
26 62 -7.04816072801917e-07 -7.15277345774232e-09
28 62 -2.33165517813793e-08 1.49959171749284e-07
31 62 1.37250311182684e-05 -0.000408182141305299
32 62 1.41311738917325e-09 -8.7027370133684e-10
35 62 -1.11583840913475e-06 8.42148098645326e-07
37 62 2.87823298502955e-06 -2.72844963258606e-06
38 62 -1.38656674115747e-06 6.16967813709608e-07
41 62 -1.64110127095894e-06 1.34716991806793e-06
42 62 -2.7531345546126e-08 6.68836539497179e-10
44 62 -1.38333013079048e-06 6.21843540200988e-07
47 62 0.001469768373523 -0.00155501094260113
49 62 1.7104072780486e-07 6.98117985681503e-09
50 62 -1.12327682278684e-06 8.37705825614744e-07
52 62 2.88207387293745e-06 -2.71907355219018e-06
55 62 -0.000474542844808743 -5.61911959192289e-12
56 62 -1.91857345992208e-06 8.39160800215614e-07
59 62 0.00282701526770621 -0.00210790397283267
61 62 -0.00674821955926793 0.00684938083824821
62 62 -0.0112118726773445 0
0 63 -7.62929260506464e-11 -5.11968174594284e-13
3 63 6.33044105489896e-08 1.02905819169015e-09
5 63 3.8173900763605e-09 9.72828358912188e-10
6 63 6.87068563147735e-08 -7.68973116662542e-10
9 63 1.28723416206234e-07 3.52525182405661e-10
10 63 3.81805739744357e-10 6.53323545534991e-10
12 63 6.87799447721241e-08 -9.58113114210178e-10
15 63 -0.000173604783444156 1.44730968819226e-06
17 63 3.81793783894635e-10 6.53326277545741e-10
18 63 6.36147611989742e-08 1.55011171979959e-09
20 63 3.65017741329878e-09 8.21650784493679e-10
23 63 -7.69533841433873e-07 -1.2977412649214e-06
24 63 6.33043990330075e-08 1.02906888464085e-09
27 63 -0.000159868180990503 -3.54037863427427e-06
29 63 -8.40266818778146e-06 -7.41678396338114e-07
30 63 9.60968170143014e-07 8.66554735405836e-07
33 63 6.87799344302889e-08 -9.58126261183888e-10
34 63 3.65018012399268e-09 8.21650610132265e-10
36 63 1.42715717008063e-07 2.01711698839002e-10
39 63 -0.000180881858076525 8.72456628167503e-08
40 63 3.81739507000088e-09 9.72815696321892e-10
43 63 -8.40266824054526e-06 -7.41678597200051e-07
45 63 -0.000177535711536731 -2.85463069665142e-07
46 63 -1.8952977569819e-07 -3.91379961029614e-07
48 63 6.87068499678085e-08 -7.68975615595872e-10
51 63 9.60967506165674e-07 8.66556273165695e-07
53 63 -1.89530053952172e-07 -3.91380364619498e-07
54 63 -0.000180683139914818 -4.0059358108348e-07
57 63 -0.000173604782209244 1.44730929069248e-06
58 63 -7.69533961125016e-07 -1.2977402884565e-06
60 63 -0.000180881858628921 8.72457987246232e-08
63 63 0.435995267286444 0
